-0.0468  0.1508  -0.08  -0.03
-0.0312201  0.187287  -0.0748067  -0.0178376
-0.0169208  0.224223  -0.0700403  -0.00552574
-0.000375138  0.260242  -0.0645251  0.00648071
0.0201773  0.294318  -0.0576743  0.0178393
0.0461363  0.324073  -0.0490213  0.0277576
0.0754752  0.350866  -0.0392416  0.0366888
0.107536  0.374206  -0.0285547  0.0444685
0.14303  0.391532  -0.0167235  0.050244
0.18111  0.402571  -0.00403021  0.0539237
0.22049  0.406243  0.00909665  0.0551475
0.259986  0.403435  0.022262  0.0542116
0.297113  0.390052  0.0346375  0.0497506
0.325608  0.363144  0.044136  0.0407812
0.343577  0.327833  0.0501256  0.0290111
0.361985  0.292672  0.0562617  0.0172907
0.378578  0.256724  0.0617927  0.00530812
0.387728  0.218215  0.0648424  -0.0075283
0.39345  0.178958  0.06675  -0.0206141
0.397572  0.139563  0.068124  -0.0337456
0.4  0.1  0.0689332  -0.0469333
