-1307.24  451.436
451.436  -442.761
-1337.07  420.851
420.851  -412.929
-1282.2  474.145
474.145  -467.801
-1166.57  552.817
552.817  -583.424
-959.764  619.22
619.22  -790.227
-818.426  622.425
622.425  -931.553
-682.965  594.758
594.758  -1067.01
-490.547  492.766
492.766  -1259.44
-346.903  334.273
334.273  -1403.1
-260.771  115.534
115.534  -1489.23
-256.285  -88.4108
-88.4108  -1493.71
-393.747  -398.774
-398.774  -1356.25
-839.214  -623.974
-623.974  -910.784
-1242.87  -505.247
-505.247  -507.108
-1231.09  -513.64
-513.64  -518.912
-1280.45  -475.642
-475.642  -469.55
-1433.21  -281.11
-281.11  -316.787
-1473.99  -178.432
-178.432  -276.012
-1486.46  -129.377
-129.377  -263.537
-1495.31  -76.4109
-76.4109  -254.688
