0.392694  0.919669
0.919669  -0.392694
0.361031  0.932554
0.932554  -0.361031
0.417421  0.908713
0.908713  -0.417421
0.516469  0.856306
0.856306  -0.516469
0.657408  0.753535
0.753535  -0.657408
0.738412  0.67435
0.67435  -0.738412
0.808468  0.58854
0.58854  -0.808468
0.898644  0.438679
0.438679  -0.898644
0.960457  0.278429
0.278429  -0.960457
0.995682  0.0928279
0.0928279  -0.995682
0.997483  -0.0709072
0.0709072  0.997483
0.940746  -0.339113
0.339113  0.940746
0.727068  -0.686565
0.686565  0.727068
0.453531  -0.891241
0.891241  0.453531
0.463821  -0.885929
0.885929  0.463821
0.419094  -0.907943
0.907943  0.419094
0.231148  -0.972919
0.972919  0.231148
0.144254  -0.989541
0.989541  0.144254
0.104067  -0.99457
0.99457  0.104067
0.0612437  -0.998123
0.998123  0.0612437
