-263.147  -22.0116
-22.0116  -286.853
-277.226  -124.16
-124.16  -816.219
-250.904  -30.1211
-30.1211  -1253.66
-251.358  37.115
37.115  -1264.2
-250.357  -18.3259
-18.3259  -1190.14
-420.236  -385.4
-385.4  -1122.52
-886.424  -578.938
-578.938  -776.645
-970.695  -532.392
-532.392  -643.288
-1253.61  -421.102
-421.102  -426.688
-1478.04  -159.857
-159.857  -270.809
-1381.5  -366.167
-366.167  -368.495
-1465.77  -203.997
-203.997  -284.229
-1479.29  -159.57
-159.57  -270.713
-1490.49  -108.587
-108.587  -259.505
-1497.29  -58.1633
-58.1633  -252.712
