0.858519  -0.512782
0.512782  0.858519
0.976792  -0.21419
0.21419  0.976792
0.99955  -0.0299979
0.0299979  0.99955
0.999331  0.0365709
0.0365709  -0.999331
0.99981  -0.0194891
0.0194891  0.99981
0.914737  -0.40405
0.40405  0.914737
0.672909  -0.739725
0.739725  0.672909
0.594177  -0.804334
0.804334  0.594177
0.386908  -0.922118
0.922118  0.386908
0.129083  -0.991634
0.991634  0.129083
0.30789  -0.951422
0.951422  0.30789
0.165479  -0.986213
0.986213  0.165479
0.128727  -0.99168
0.99168  0.128727
0.0872021  -0.996191
0.996191  0.0872021
0.0465812  -0.998915
0.998915  0.0465812
