0.0939058  0.452774  -0.08  0.04
0.12566  0.433807  -0.0694153  0.0336779
0.16185  0.425872  -0.0573521  0.0310327
0.198934  0.424759  -0.044991  0.0306617
0.236174  0.426121  -0.0325778  0.031116
0.273142  0.425401  -0.0202553  0.0308758
0.3069  0.41049  -0.00900281  0.0259054
0.331695  0.383232  -0.000737605  0.0168195
0.353735  0.353397  0.00660875  0.00687481
0.367882  0.31968  0.0113244  -0.00436404
0.372666  0.282931  0.012919  -0.0166137
0.384097  0.247606  0.0167295  -0.0283886
0.390248  0.210947  0.0187798  -0.0406083
0.395033  0.17409  0.0203746  -0.0528938
0.398269  0.137112  0.0214535  -0.0652195
0.4  0.1  0.0220304  -0.0775901
