-0.419247  0.592656  0.179459
-0.419247  0.592656  0.179459
-0.419232  0.592707  0.179625
-0.419232  0.592707  0.179625
-0.419232  0.592707  0.179625
-0.419216  0.592757  0.179793
-0.419216  0.592757  0.179793
-0.419216  0.592757  0.179793
-0.419202  0.592806  0.179962
-0.419202  0.592806  0.179962
-0.419188  0.592854  0.180134
-0.419188  0.592854  0.180134
-0.419188  0.592854  0.180134
-0.419174  0.592902  0.180307
-0.419174  0.592902  0.180307
-0.419161  0.592948  0.180483
-0.419161  0.592948  0.180483
-0.419161  0.592948  0.180483
-0.419149  0.592994  0.18066
-0.419149  0.592994  0.18066
-0.419137  0.593038  0.18084
-0.419137  0.593038  0.18084
-0.419126  0.593082  0.181022
-0.419126  0.593082  0.181022
-0.419126  0.593082  0.181022
-0.419116  0.593124  0.181206
-0.419116  0.593124  0.181206
-0.419116  0.593124  0.181206
-0.419107  0.593166  0.181392
-0.419107  0.593166  0.181392
-0.419098  0.593206  0.18158
-0.419098  0.593206  0.18158
-0.419098  0.593206  0.18158
-0.41909  0.593245  0.18177
-0.41909  0.593245  0.18177
-0.419083  0.593282  0.181963
-0.419083  0.593282  0.181963
-0.419083  0.593282  0.181963
-0.419076  0.593319  0.182157
-0.419076  0.593319  0.182157
-0.41907  0.593355  0.182355
-0.41907  0.593355  0.182355
-0.41907  0.593355  0.182355
-0.419065  0.59339  0.182554
-0.419065  0.59339  0.182554
-0.41906  0.593423  0.182756
-0.41906  0.593423  0.182756
-0.41906  0.593423  0.182756
-0.419056  0.593456  0.18296
-0.419056  0.593456  0.18296
-0.419052  0.593488  0.183166
-0.419052  0.593488  0.183166
-0.419049  0.593519  0.183374
-0.419049  0.593519  0.183374
-0.419049  0.593519  0.183374
-0.419047  0.593549  0.183584
-0.419047  0.593549  0.183584
-0.419045  0.593579  0.183795
-0.419045  0.593579  0.183795
-0.419045  0.593579  0.183795
-0.419043  0.593608  0.184008
-0.419043  0.593608  0.184008
-0.419042  0.593636  0.184222
-0.419042  0.593636  0.184222
-0.419042  0.593636  0.184222
-0.419041  0.593663  0.184437
-0.419041  0.593663  0.184437
-0.41904  0.59369  0.184654
-0.41904  0.59369  0.184654
-0.41904  0.59369  0.184654
-0.41904  0.593715  0.184873
-0.41904  0.593715  0.184873
-0.41904  0.593741  0.185093
-0.41904  0.593741  0.185093
-0.41904  0.593741  0.185093
-0.419041  0.593765  0.185315
-0.419041  0.593765  0.185315
-0.419042  0.593788  0.185537
-0.419042  0.593788  0.185537
-0.419042  0.593788  0.185537
-0.419044  0.593811  0.185761
-0.419044  0.593811  0.185761
-0.419046  0.593833  0.185986
-0.419046  0.593833  0.185986
-0.419046  0.593833  0.185986
-0.419049  0.593853  0.186213
-0.419049  0.593853  0.186213
-0.419052  0.593873  0.186442
-0.419052  0.593873  0.186442
-0.419052  0.593873  0.186442
-0.419056  0.593891  0.186672
-0.419056  0.593891  0.186672
-0.419061  0.593909  0.186903
-0.419061  0.593909  0.186903
-0.419061  0.593909  0.186903
-0.419066  0.593925  0.187137
-0.419066  0.593925  0.187137
-0.419071  0.59394  0.187372
-0.419071  0.59394  0.187372
-0.419071  0.59394  0.187372
-0.419077  0.593954  0.187608
-0.419077  0.593954  0.187608
-0.419084  0.593968  0.187846
-0.419084  0.593968  0.187846
-0.419084  0.593968  0.187846
-0.419091  0.59398  0.188086
-0.419091  0.59398  0.188086
-0.419099  0.593992  0.188328
-0.419099  0.593992  0.188328
-0.419099  0.593992  0.188328
-0.419106  0.594003  0.18857
-0.419106  0.594003  0.18857
-0.419115  0.594012  0.188815
-0.419115  0.594012  0.188815
-0.419115  0.594012  0.188815
-0.419123  0.594022  0.189062
-0.419123  0.594022  0.189062
-0.419132  0.59403  0.189312
-0.419132  0.59403  0.189312
-0.419132  0.59403  0.189312
-0.419142  0.594038  0.189563
-0.419142  0.594038  0.189563
-0.419152  0.594045  0.189816
-0.419152  0.594045  0.189816
-0.419152  0.594045  0.189816
-0.419162  0.594051  0.19007
-0.419162  0.594051  0.19007
-0.419172  0.594056  0.190327
-0.419172  0.594056  0.190327
-0.419172  0.594056  0.190327
-0.419183  0.594061  0.190585
-0.419183  0.594061  0.190585
-0.419194  0.594066  0.190845
-0.419194  0.594066  0.190845
-0.419205  0.59407  0.191108
-0.419205  0.59407  0.191108
-0.419205  0.59407  0.191108
-0.419216  0.594073  0.191372
-0.419216  0.594073  0.191372
-0.419216  0.594073  0.191372
-0.419228  0.594076  0.19164
-0.419228  0.594076  0.19164
-0.419228  0.594076  0.19164
-0.41924  0.594079  0.191909
-0.41924  0.594079  0.191909
-0.419252  0.594081  0.192181
-0.419252  0.594081  0.192181
-0.419264  0.594083  0.192457
-0.419264  0.594083  0.192457
-0.419264  0.594083  0.192457
-0.419276  0.594084  0.192735
-0.419276  0.594084  0.192735
-0.419289  0.594084  0.193016
-0.419289  0.594084  0.193016
-0.419289  0.594084  0.193016
-0.419303  0.594084  0.193301
-0.419303  0.594084  0.193301
-0.419316  0.594082  0.193589
-0.419316  0.594082  0.193589
-0.419316  0.594082  0.193589
-0.419331  0.59408  0.193881
-0.419331  0.59408  0.193881
-0.419346  0.594076  0.194176
-0.419346  0.594076  0.194176
-0.419346  0.594076  0.194176
-0.419361  0.594071  0.194475
-0.419361  0.594071  0.194475
-0.419377  0.594066  0.194777
-0.419377  0.594066  0.194777
-0.419377  0.594066  0.194777
-0.419394  0.594058  0.195083
-0.419394  0.594058  0.195083
-0.419411  0.59405  0.195392
-0.419411  0.59405  0.195392
-0.419411  0.59405  0.195392
-0.419429  0.594041  0.195706
-0.419429  0.594041  0.195706
-0.419447  0.59403  0.196022
-0.419447  0.59403  0.196022
-0.419447  0.59403  0.196022
-0.419466  0.594018  0.19634
-0.419466  0.594018  0.19634
-0.419486  0.594005  0.196662
-0.419486  0.594005  0.196662
-0.419486  0.594005  0.196662
-0.419505  0.59399  0.196986
-0.419505  0.59399  0.196986
-0.419526  0.593975  0.197312
-0.419526  0.593975  0.197312
-0.419526  0.593975  0.197312
-0.419546  0.593959  0.19764
-0.419546  0.593959  0.19764
-0.419567  0.593942  0.19797
-0.419567  0.593942  0.19797
-0.419567  0.593942  0.19797
-0.419589  0.593924  0.198303
-0.419589  0.593924  0.198303
-0.41961  0.593905  0.198636
-0.41961  0.593905  0.198636
-0.41961  0.593905  0.198636
-0.419632  0.593885  0.19897
-0.419632  0.593885  0.19897
-0.419654  0.593866  0.199304
-0.419654  0.593866  0.199304
-0.419654  0.593866  0.199304
-0.419675  0.593845  0.199639
-0.419675  0.593845  0.199639
-0.419697  0.593824  0.199974
-0.419697  0.593824  0.199974
-0.419697  0.593824  0.199974
-0.419719  0.593803  0.200308
-0.419719  0.593803  0.200308
-0.419741  0.593782  0.200642
-0.419741  0.593782  0.200642
-0.419741  0.593782  0.200642
-0.419762  0.59376  0.200974
-0.419762  0.59376  0.200974
-0.419783  0.593738  0.201306
-0.419783  0.593738  0.201306
-0.419783  0.593738  0.201306
-0.419804  0.593717  0.201636
-0.419804  0.593717  0.201636
-0.419825  0.593695  0.201964
-0.419825  0.593695  0.201964
-0.419825  0.593695  0.201964
-0.419845  0.593673  0.20229
-0.419845  0.593673  0.20229
-0.419865  0.593652  0.202614
-0.419865  0.593652  0.202614
-0.419865  0.593652  0.202614
-0.419885  0.593631  0.202936
-0.419885  0.593631  0.202936
-0.419904  0.59361  0.203255
-0.419904  0.59361  0.203255
-0.419904  0.59361  0.203255
-0.419923  0.59359  0.203572
-0.419923  0.59359  0.203572
-0.419941  0.593569  0.203886
-0.419941  0.593569  0.203886
-0.419941  0.593569  0.203886
-0.419959  0.593549  0.204198
-0.419959  0.593549  0.204198
-0.419977  0.59353  0.204509
-0.419977  0.59353  0.204509
-0.419977  0.59353  0.204509
-0.419994  0.593511  0.204817
-0.419994  0.593511  0.204817
-0.42001  0.593492  0.205123
-0.42001  0.593492  0.205123
-0.42001  0.593492  0.205123
-0.420027  0.593473  0.205428
-0.420027  0.593473  0.205428
-0.420043  0.593454  0.205731
-0.420043  0.593454  0.205731
-0.420043  0.593454  0.205731
-0.420058  0.593436  0.206032
-0.420058  0.593436  0.206032
-0.420074  0.593418  0.206333
-0.420074  0.593418  0.206333
-0.420074  0.593418  0.206333
-0.420089  0.5934  0.206631
-0.420089  0.5934  0.206631
-0.420104  0.593382  0.206929
-0.420104  0.593382  0.206929
-0.420104  0.593382  0.206929
-0.420118  0.593364  0.207225
-0.420118  0.593364  0.207225
-0.420133  0.593346  0.20752
-0.420133  0.593346  0.20752
-0.420133  0.593346  0.20752
-0.420147  0.593328  0.207814
-0.420147  0.593328  0.207814
-0.420162  0.59331  0.208107
-0.420162  0.59331  0.208107
-0.420162  0.59331  0.208107
-0.420176  0.593292  0.208399
-0.420176  0.593292  0.208399
-0.420176  0.593292  0.208399
-0.42019  0.593273  0.20869
-0.42019  0.593273  0.20869
-0.420203  0.593255  0.208979
-0.420203  0.593255  0.208979
-0.420217  0.593237  0.209268
-0.420217  0.593237  0.209268
-0.420217  0.593237  0.209268
-0.420231  0.593218  0.209556
-0.420231  0.593218  0.209556
-0.420244  0.5932  0.209843
-0.420244  0.5932  0.209843
-0.420244  0.5932  0.209843
-0.420257  0.593181  0.210129
-0.420257  0.593181  0.210129
-0.42027  0.593162  0.210414
-0.42027  0.593162  0.210414
-0.42027  0.593162  0.210414
-0.420283  0.593144  0.210698
-0.420283  0.593144  0.210698
-0.420296  0.593125  0.210981
-0.420296  0.593125  0.210981
-0.420296  0.593125  0.210981
-0.420309  0.593106  0.211263
-0.420309  0.593106  0.211263
-0.420322  0.593087  0.211543
-0.420322  0.593087  0.211543
-0.420322  0.593087  0.211543
-0.420334  0.593068  0.211823
-0.420334  0.593068  0.211823
-0.420346  0.593048  0.212101
-0.420346  0.593048  0.212101
-0.420346  0.593048  0.212101
-0.420359  0.593029  0.212378
-0.420359  0.593029  0.212378
-0.420371  0.59301  0.212654
-0.420371  0.59301  0.212654
-0.420371  0.59301  0.212654
-0.420383  0.59299  0.212929
-0.420383  0.59299  0.212929
-0.420395  0.592971  0.213203
-0.420395  0.592971  0.213203
-0.420395  0.592971  0.213203
-0.420406  0.592952  0.213476
-0.420406  0.592952  0.213476
-0.420417  0.592933  0.213747
-0.420417  0.592933  0.213747
-0.420417  0.592933  0.213747
-0.420429  0.592914  0.214017
-0.420429  0.592914  0.214017
-0.42044  0.592895  0.214286
-0.42044  0.592895  0.214286
-0.42044  0.592895  0.214286
-0.42045  0.592876  0.214553
-0.42045  0.592876  0.214553
-0.420461  0.592858  0.214819
-0.420461  0.592858  0.214819
-0.420461  0.592858  0.214819
-0.420471  0.592839  0.215083
-0.420471  0.592839  0.215083
-0.420481  0.592821  0.215346
-0.420481  0.592821  0.215346
-0.420481  0.592821  0.215346
-0.420491  0.592802  0.215607
-0.420491  0.592802  0.215607
-0.420501  0.592784  0.215867
-0.420501  0.592784  0.215867
-0.420501  0.592784  0.215867
-0.42051  0.592766  0.216125
-0.42051  0.592766  0.216125
-0.420519  0.592748  0.216381
-0.420519  0.592748  0.216381
-0.420519  0.592748  0.216381
-0.420529  0.592731  0.216636
-0.420529  0.592731  0.216636
-0.420529  0.592731  0.216636
-0.420537  0.592713  0.216889
-0.420537  0.592713  0.216889
-0.420546  0.592696  0.217141
-0.420546  0.592696  0.217141
-0.420546  0.592696  0.217141
-0.420555  0.592678  0.217391
-0.420555  0.592678  0.217391
-0.420563  0.592661  0.217639
-0.420563  0.592661  0.217639
-0.420563  0.592661  0.217639
-0.420571  0.592643  0.217885
-0.420571  0.592643  0.217885
-0.420579  0.592625  0.21813
-0.420579  0.592625  0.21813
-0.420579  0.592625  0.21813
-0.420587  0.592608  0.218373
-0.420587  0.592608  0.218373
-0.420595  0.59259  0.218615
-0.420595  0.59259  0.218615
-0.420603  0.592572  0.218854
-0.420603  0.592572  0.218854
-0.420603  0.592572  0.218854
-0.420611  0.592554  0.219092
-0.420611  0.592554  0.219092
-0.420619  0.592536  0.219329
-0.420619  0.592536  0.219329
-0.420619  0.592536  0.219329
-0.420627  0.592517  0.219563
-0.420627  0.592517  0.219563
-0.420635  0.592499  0.219796
-0.420635  0.592499  0.219796
-0.420635  0.592499  0.219796
-0.420642  0.592481  0.220028
-0.420642  0.592481  0.220028
-0.42065  0.592462  0.220257
-0.42065  0.592462  0.220257
-0.420657  0.592444  0.220485
-0.420657  0.592444  0.220485
-0.420657  0.592444  0.220485
-0.420664  0.592426  0.220711
-0.420664  0.592426  0.220711
-0.420664  0.592426  0.220711
-0.420671  0.592408  0.220936
-0.420671  0.592408  0.220936
-0.420671  0.592408  0.220936
-0.420678  0.59239  0.221159
-0.420678  0.59239  0.221159
-0.420684  0.592373  0.221381
-0.420684  0.592373  0.221381
-0.420691  0.592355  0.221602
-0.420691  0.592355  0.221602
-0.420691  0.592355  0.221602
-0.420697  0.592338  0.221821
-0.420697  0.592338  0.221821
-0.420702  0.592322  0.222039
-0.420702  0.592322  0.222039
-0.420702  0.592322  0.222039
-0.420708  0.592305  0.222256
-0.420708  0.592305  0.222256
-0.420713  0.592289  0.222472
-0.420713  0.592289  0.222472
-0.420713  0.592289  0.222472
-0.420718  0.592273  0.222686
-0.420718  0.592273  0.222686
-0.420723  0.592258  0.222899
-0.420723  0.592258  0.222899
-0.420723  0.592258  0.222899
-0.420728  0.592243  0.223111
-0.420728  0.592243  0.223111
-0.420732  0.592227  0.223322
-0.420732  0.592227  0.223322
-0.420732  0.592227  0.223322
-0.420737  0.592212  0.223531
-0.420737  0.592212  0.223531
-0.420741  0.592197  0.223739
-0.420741  0.592197  0.223739
-0.420741  0.592197  0.223739
-0.420745  0.592183  0.223946
-0.420745  0.592183  0.223946
-0.420749  0.592168  0.224152
-0.420749  0.592168  0.224152
-0.420749  0.592168  0.224152
-0.420753  0.592154  0.224356
-0.420753  0.592154  0.224356
-0.420756  0.592139  0.22456
-0.420756  0.592139  0.22456
-0.420756  0.592139  0.22456
-0.42076  0.592125  0.224762
-0.42076  0.592125  0.224762
-0.420763  0.592111  0.224964
-0.420763  0.592111  0.224964
-0.420763  0.592111  0.224964
-0.420766  0.592097  0.225165
-0.420766  0.592097  0.225165
-0.42077  0.592083  0.225365
-0.42077  0.592083  0.225365
-0.42077  0.592083  0.225365
-0.420773  0.592069  0.225565
-0.420773  0.592069  0.225565
-0.420776  0.592054  0.225764
-0.420776  0.592054  0.225764
-0.420776  0.592054  0.225764
-0.420779  0.59204  0.225963
-0.420779  0.59204  0.225963
-0.420782  0.592026  0.226163
-0.420782  0.592026  0.226163
-0.420782  0.592026  0.226163
-0.420785  0.592012  0.226362
-0.420785  0.592012  0.226362
-0.420788  0.591998  0.226561
-0.420788  0.591998  0.226561
-0.420788  0.591998  0.226561
-0.420791  0.591984  0.226762
-0.420791  0.591984  0.226762
-0.420794  0.59197  0.226963
-0.420794  0.59197  0.226963
-0.420794  0.59197  0.226963
-0.420796  0.591956  0.227165
-0.420796  0.591956  0.227165
-0.420799  0.591942  0.227369
-0.420799  0.591942  0.227369
-0.420799  0.591942  0.227369
-0.420801  0.591928  0.227574
-0.420801  0.591928  0.227574
-0.420804  0.591914  0.22778
-0.420804  0.591914  0.22778
-0.420804  0.591914  0.22778
-0.420806  0.5919  0.227989
-0.420806  0.5919  0.227989
-0.420806  0.5919  0.227989
-0.420809  0.591886  0.228199
-0.420809  0.591886  0.228199
-0.420811  0.591873  0.228411
-0.420811  0.591873  0.228411
-0.420811  0.591873  0.228411
-0.420813  0.591859  0.228625
-0.420813  0.591859  0.228625
-0.420815  0.591846  0.228841
-0.420815  0.591846  0.228841
-0.420815  0.591846  0.228841
-0.420817  0.591833  0.229058
-0.420817  0.591833  0.229058
-0.420819  0.59182  0.229277
-0.420819  0.59182  0.229277
-0.420819  0.59182  0.229277
-0.42082  0.591808  0.229497
-0.42082  0.591808  0.229497
-0.420822  0.591796  0.22972
-0.420822  0.591796  0.22972
-0.420822  0.591784  0.229943
-0.420822  0.591784  0.229943
-0.420822  0.591784  0.229943
-0.420823  0.591774  0.230169
-0.420823  0.591774  0.230169
-0.420823  0.591764  0.230395
-0.420823  0.591764  0.230395
-0.420823  0.591764  0.230395
-0.420822  0.591755  0.230623
-0.420822  0.591755  0.230623
-0.420822  0.591746  0.230853
-0.420822  0.591746  0.230853
-0.420822  0.591746  0.230853
-0.42082  0.591739  0.231085
-0.42082  0.591739  0.231085
-0.420818  0.591733  0.231318
-0.420818  0.591733  0.231318
-0.420818  0.591733  0.231318
-0.420816  0.591727  0.231553
-0.420816  0.591727  0.231553
-0.420816  0.591727  0.231553
-0.420813  0.591723  0.23179
-0.420813  0.591723  0.23179
-0.420809  0.591719  0.232029
-0.420809  0.591719  0.232029
-0.420809  0.591719  0.232029
-0.420805  0.591716  0.23227
-0.420805  0.591716  0.23227
-0.420801  0.591714  0.232512
-0.420801  0.591714  0.232512
-0.420797  0.591712  0.232756
-0.420797  0.591712  0.232756
-0.420797  0.591712  0.232756
-0.420792  0.591711  0.233002
-0.420792  0.591711  0.233002
-0.420786  0.591711  0.23325
-0.420786  0.591711  0.23325
-0.420786  0.591711  0.23325
-0.420781  0.591711  0.233499
-0.420781  0.591711  0.233499
-0.420775  0.591712  0.233749
-0.420775  0.591712  0.233749
-0.420775  0.591712  0.233749
-0.420769  0.591713  0.234001
-0.420769  0.591713  0.234001
-0.420763  0.591714  0.234254
-0.420763  0.591714  0.234254
-0.420763  0.591714  0.234254
-0.420756  0.591716  0.234509
-0.420756  0.591716  0.234509
-0.42075  0.591718  0.234765
-0.42075  0.591718  0.234765
-0.42075  0.591718  0.234765
-0.420743  0.591721  0.235023
-0.420743  0.591721  0.235023
-0.420736  0.591723  0.235283
-0.420736  0.591723  0.235283
-0.420736  0.591723  0.235283
-0.420729  0.591727  0.235544
-0.420729  0.591727  0.235544
-0.420721  0.591731  0.235805
-0.420721  0.591731  0.235805
-0.420721  0.591731  0.235805
-0.420712  0.591737  0.236069
-0.420712  0.591737  0.236069
-0.420703  0.591743  0.236334
-0.420703  0.591743  0.236334
-0.420703  0.591743  0.236334
-0.420694  0.591751  0.2366
-0.420694  0.591751  0.2366
-0.420683  0.59176  0.236867
-0.420683  0.59176  0.236867
-0.420683  0.59176  0.236867
-0.420672  0.591771  0.237136
-0.420672  0.591771  0.237136
-0.42066  0.591783  0.237407
-0.42066  0.591783  0.237407
-0.42066  0.591783  0.237407
-0.420647  0.591797  0.237678
-0.420647  0.591797  0.237678
-0.420633  0.591813  0.237951
-0.420633  0.591813  0.237951
-0.420633  0.591813  0.237951
-0.420619  0.59183  0.238225
-0.420619  0.59183  0.238225
-0.420603  0.59185  0.238501
-0.420603  0.59185  0.238501
-0.420603  0.59185  0.238501
-0.420587  0.59187  0.238776
-0.420587  0.59187  0.238776
-0.42057  0.591893  0.239053
-0.42057  0.591893  0.239053
-0.42057  0.591893  0.239053
-0.420552  0.591917  0.239329
-0.420552  0.591917  0.239329
-0.420552  0.591917  0.239329
-0.420533  0.591942  0.239604
-0.420533  0.591942  0.239604
-0.420514  0.591969  0.23988
-0.420514  0.591969  0.23988
-0.420514  0.591969  0.23988
-0.420495  0.591996  0.240154
-0.420495  0.591996  0.240154
-0.420475  0.592025  0.240428
-0.420475  0.592025  0.240428
-0.420475  0.592025  0.240428
-0.420454  0.592054  0.2407
-0.420454  0.592054  0.2407
-0.420433  0.592084  0.240971
-0.420433  0.592084  0.240971
-0.420433  0.592084  0.240971
-0.420412  0.592115  0.241241
-0.420412  0.592115  0.241241
-0.420391  0.592146  0.241509
-0.420391  0.592146  0.241509
-0.420391  0.592146  0.241509
-0.42037  0.592178  0.241775
-0.42037  0.592178  0.241775
-0.420348  0.59221  0.24204
-0.420348  0.59221  0.24204
-0.420348  0.59221  0.24204
-0.420326  0.592242  0.242303
-0.420326  0.592242  0.242303
-0.420304  0.592275  0.242564
-0.420304  0.592275  0.242564
-0.420304  0.592275  0.242564
-0.420282  0.592308  0.242824
-0.420282  0.592308  0.242824
-0.42026  0.592342  0.243081
-0.42026  0.592342  0.243081
-0.420238  0.592375  0.243336
-0.420238  0.592375  0.243336
-0.420238  0.592375  0.243336
-0.420216  0.592409  0.243589
-0.420216  0.592409  0.243589
-0.420194  0.592442  0.24384
-0.420194  0.592442  0.24384
-0.420194  0.592442  0.24384
-0.420173  0.592476  0.24409
-0.420173  0.592476  0.24409
-0.420151  0.59251  0.244336
-0.420151  0.59251  0.244336
-0.420151  0.59251  0.244336
-0.420129  0.592544  0.244582
-0.420129  0.592544  0.244582
-0.420107  0.592578  0.244825
-0.420107  0.592578  0.244825
-0.420107  0.592578  0.244825
-0.420085  0.592612  0.245066
-0.420085  0.592612  0.245066
-0.420085  0.592612  0.245066
-0.420063  0.592646  0.245305
-0.420063  0.592646  0.245305
-0.420041  0.592681  0.245543
-0.420041  0.592681  0.245543
-0.420041  0.592681  0.245543
-0.420019  0.592716  0.245779
-0.420019  0.592716  0.245779
-0.419997  0.592752  0.246013
-0.419997  0.592752  0.246013
-0.419997  0.592752  0.246013
-0.419975  0.592787  0.246245
-0.419975  0.592787  0.246245
-0.419953  0.592823  0.246476
-0.419953  0.592823  0.246476
-0.419953  0.592823  0.246476
-0.419931  0.592859  0.246705
-0.419931  0.592859  0.246705
-0.419908  0.592896  0.246932
-0.419908  0.592896  0.246932
-0.419886  0.592932  0.247158
-0.419886  0.592932  0.247158
-0.419886  0.592932  0.247158
-0.419864  0.592968  0.247382
-0.419864  0.592968  0.247382
-0.419842  0.593005  0.247605
-0.419842  0.593005  0.247605
-0.419842  0.593005  0.247605
-0.41982  0.593041  0.247826
-0.41982  0.593041  0.247826
-0.419798  0.593078  0.248045
-0.419798  0.593078  0.248045
-0.419798  0.593078  0.248045
-0.419776  0.593114  0.248263
-0.419776  0.593114  0.248263
-0.419755  0.593151  0.24848
-0.419755  0.593151  0.24848
-0.419755  0.593151  0.24848
-0.419733  0.593188  0.248695
-0.419733  0.593188  0.248695
-0.419711  0.593225  0.248908
-0.419711  0.593225  0.248908
-0.419711  0.593225  0.248908
-0.41969  0.593261  0.24912
-0.41969  0.593261  0.24912
-0.419668  0.593298  0.24933
-0.419668  0.593298  0.24933
-0.419668  0.593298  0.24933
-0.419647  0.593334  0.249538
-0.419647  0.593334  0.249538
-0.419626  0.593371  0.249744
-0.419626  0.593371  0.249744
-0.419626  0.593371  0.249744
-0.419605  0.593407  0.249947
-0.419605  0.593407  0.249947
-0.419585  0.593442  0.250149
-0.419585  0.593442  0.250149
-0.419585  0.593442  0.250149
-0.419565  0.593477  0.250347
-0.419565  0.593477  0.250347
-0.419545  0.593511  0.250544
-0.419545  0.593511  0.250544
-0.419545  0.593511  0.250544
-0.419526  0.593545  0.250738
-0.419526  0.593545  0.250738
-0.419507  0.593578  0.250929
-0.419507  0.593578  0.250929
-0.419507  0.593578  0.250929
-0.419489  0.59361  0.251118
-0.419489  0.59361  0.251118
-0.419471  0.593642  0.251304
-0.419471  0.593642  0.251304
-0.419471  0.593642  0.251304
-0.419454  0.593673  0.251487
-0.419454  0.593673  0.251487
-0.419437  0.593703  0.251668
-0.419437  0.593703  0.251668
-0.419437  0.593703  0.251668
-0.41942  0.593733  0.251846
-0.41942  0.593733  0.251846
-0.41942  0.593733  0.251846
-0.419404  0.593762  0.252021
-0.419404  0.593762  0.252021
-0.419388  0.593791  0.252194
-0.419388  0.593791  0.252194
-0.419388  0.593791  0.252194
-0.419372  0.59382  0.252365
-0.419372  0.59382  0.252365
-0.419357  0.593848  0.252533
-0.419357  0.593848  0.252533
-0.419357  0.593848  0.252533
-0.419342  0.593875  0.252699
-0.419342  0.593875  0.252699
-0.419327  0.593903  0.252862
-0.419327  0.593903  0.252862
-0.419327  0.593903  0.252862
-0.419313  0.59393  0.253023
-0.419313  0.59393  0.253023
-0.419298  0.593957  0.253182
-0.419298  0.593957  0.253182
-0.419284  0.593984  0.253338
-0.419284  0.593984  0.253338
-0.419284  0.593984  0.253338
-0.41927  0.594011  0.253493
-0.41927  0.594011  0.253493
-0.419256  0.594038  0.253645
-0.419256  0.594038  0.253645
-0.419256  0.594038  0.253645
-0.419242  0.594064  0.253796
-0.419242  0.594064  0.253796
-0.419228  0.59409  0.253946
-0.419228  0.59409  0.253946
-0.419228  0.59409  0.253946
-0.419215  0.594116  0.254094
-0.419215  0.594116  0.254094
-0.419202  0.594142  0.254241
-0.419202  0.594142  0.254241
-0.419202  0.594142  0.254241
-0.419189  0.594168  0.254387
-0.419189  0.594168  0.254387
-0.419176  0.594193  0.254532
-0.419176  0.594193  0.254532
-0.419176  0.594193  0.254532
-0.419163  0.594218  0.254675
-0.419163  0.594218  0.254675
-0.419151  0.594243  0.254818
-0.419151  0.594243  0.254818
-0.419151  0.594243  0.254818
-0.419138  0.594268  0.25496
-0.419138  0.594268  0.25496
-0.419126  0.594293  0.255102
-0.419126  0.594293  0.255102
-0.419126  0.594293  0.255102
-0.419113  0.594318  0.255242
-0.419113  0.594318  0.255242
-0.419113  0.594318  0.255242
-0.419101  0.594343  0.255382
-0.419101  0.594343  0.255382
-0.419089  0.594368  0.255521
-0.419089  0.594368  0.255521
-0.419089  0.594368  0.255521
-0.419077  0.594393  0.255659
-0.419077  0.594393  0.255659
-0.419065  0.594418  0.255797
-0.419065  0.594418  0.255797
-0.419053  0.594443  0.255934
-0.419053  0.594443  0.255934
-0.419053  0.594443  0.255934
-0.419041  0.594468  0.256071
-0.419041  0.594468  0.256071
-0.419029  0.594493  0.256208
-0.419029  0.594493  0.256208
-0.419029  0.594493  0.256208
-0.419017  0.594518  0.256344
-0.419017  0.594518  0.256344
-0.419005  0.594542  0.25648
-0.419005  0.594542  0.25648
-0.419005  0.594542  0.25648
-0.418994  0.594567  0.256616
-0.418994  0.594567  0.256616
-0.418982  0.594591  0.256752
-0.418982  0.594591  0.256752
-0.418982  0.594591  0.256752
-0.418971  0.594615  0.256888
-0.418971  0.594615  0.256888
-0.41896  0.594639  0.257023
-0.41896  0.594639  0.257023
-0.41896  0.594639  0.257023
-0.418949  0.594663  0.257159
-0.418949  0.594663  0.257159
-0.418949  0.594663  0.257159
-0.418938  0.594686  0.257295
-0.418938  0.594686  0.257295
-0.418928  0.594709  0.25743
-0.418928  0.594709  0.25743
-0.418918  0.594731  0.257566
-0.418918  0.594731  0.257566
-0.418918  0.594731  0.257566
-0.418907  0.594754  0.257702
-0.418907  0.594754  0.257702
-0.418897  0.594776  0.257837
-0.418897  0.594776  0.257837
-0.418897  0.594776  0.257837
-0.418887  0.594798  0.257972
-0.418887  0.594798  0.257972
-0.418887  0.594798  0.257972
-0.418878  0.59482  0.258108
-0.418878  0.59482  0.258108
-0.418868  0.594843  0.258243
-0.418868  0.594843  0.258243
-0.418868  0.594843  0.258243
-0.418858  0.594865  0.258377
-0.418858  0.594865  0.258377
-0.418848  0.594886  0.258512
-0.418848  0.594886  0.258512
-0.418848  0.594886  0.258512
-0.418839  0.594909  0.258646
-0.418839  0.594909  0.258646
-0.418829  0.594931  0.25878
-0.418829  0.594931  0.25878
-0.418829  0.594931  0.25878
-0.41882  0.594953  0.258912
-0.41882  0.594953  0.258912
-0.41881  0.594975  0.259045
-0.41881  0.594975  0.259045
-0.41881  0.594975  0.259045
-0.4188  0.594997  0.259176
-0.4188  0.594997  0.259176
-0.418791  0.59502  0.259307
-0.418791  0.59502  0.259307
-0.418791  0.59502  0.259307
-0.418781  0.595043  0.259437
-0.418781  0.595043  0.259437
-0.418771  0.595067  0.259566
-0.418771  0.595067  0.259566
-0.418771  0.595067  0.259566
-0.41876  0.595091  0.259695
-0.41876  0.595091  0.259695
-0.41875  0.595115  0.259823
-0.41875  0.595115  0.259823
-0.418739  0.59514  0.259951
-0.418739  0.59514  0.259951
-0.418728  0.595166  0.260079
-0.418728  0.595166  0.260079
-0.418728  0.595166  0.260079
-0.418717  0.595191  0.260206
-0.418717  0.595191  0.260206
-0.418706  0.595218  0.260333
-0.418706  0.595218  0.260333
-0.418706  0.595218  0.260333
-0.418694  0.595245  0.26046
-0.418694  0.595245  0.26046
-0.418682  0.595273  0.260587
-0.418682  0.595273  0.260587
-0.418682  0.595273  0.260587
-0.418682  0.595273  0.260587
-0.41867  0.595301  0.260714
-0.41867  0.595301  0.260714
-0.418658  0.595329  0.260841
-0.418658  0.595329  0.260841
-0.418658  0.595329  0.260841
-0.418646  0.595358  0.260968
-0.418646  0.595358  0.260968
-0.418633  0.595388  0.261094
-0.418633  0.595388  0.261094
-0.41862  0.595418  0.26122
-0.41862  0.595418  0.26122
-0.41862  0.595418  0.26122
-0.418607  0.595448  0.261347
-0.418607  0.595448  0.261347
-0.418594  0.59548  0.261473
-0.418594  0.59548  0.261473
-0.418594  0.59548  0.261473
-0.41858  0.595511  0.261599
-0.41858  0.595511  0.261599
-0.418566  0.595544  0.261725
-0.418566  0.595544  0.261725
-0.418566  0.595544  0.261725
-0.418552  0.595577  0.261851
-0.418552  0.595577  0.261851
-0.418538  0.59561  0.261977
-0.418538  0.59561  0.261977
-0.418538  0.59561  0.261977
-0.418523  0.595644  0.262102
-0.418523  0.595644  0.262102
-0.418508  0.595678  0.262227
-0.418508  0.595678  0.262227
-0.418508  0.595678  0.262227
-0.418494  0.595713  0.262353
-0.418494  0.595713  0.262353
-0.418479  0.595748  0.262478
-0.418479  0.595748  0.262478
-0.418479  0.595748  0.262478
-0.418464  0.595783  0.262603
-0.418464  0.595783  0.262603
-0.418449  0.595818  0.262728
-0.418449  0.595818  0.262728
-0.418449  0.595818  0.262728
-0.418434  0.595854  0.262853
-0.418434  0.595854  0.262853
-0.41842  0.595889  0.262977
-0.41842  0.595889  0.262977
-0.41842  0.595889  0.262977
-0.418405  0.595924  0.263102
-0.418405  0.595924  0.263102
-0.418405  0.595924  0.263102
-0.418391  0.595959  0.263227
-0.418391  0.595959  0.263227
-0.418376  0.595993  0.263352
-0.418376  0.595993  0.263352
-0.418362  0.596028  0.263477
-0.418362  0.596028  0.263477
-0.418362  0.596028  0.263477
-0.418348  0.596063  0.263602
-0.418348  0.596063  0.263602
-0.418334  0.596097  0.263726
-0.418334  0.596097  0.263726
-0.418334  0.596097  0.263726
-0.41832  0.596131  0.26385
-0.41832  0.596131  0.26385
-0.418307  0.596165  0.263974
-0.418307  0.596165  0.263974
-0.418307  0.596165  0.263974
-0.418293  0.5962  0.264098
-0.418293  0.5962  0.264098
-0.418279  0.596234  0.26422
-0.418279  0.596234  0.26422
-0.418279  0.596234  0.26422
-0.418266  0.596268  0.264343
-0.418266  0.596268  0.264343
-0.418266  0.596268  0.264343
-0.418253  0.596302  0.264464
-0.418253  0.596302  0.264464
-0.418239  0.596336  0.264586
-0.418239  0.596336  0.264586
-0.418239  0.596336  0.264586
-0.418226  0.596371  0.264706
-0.418226  0.596371  0.264706
-0.418212  0.596405  0.264827
-0.418212  0.596405  0.264827
-0.418199  0.59644  0.264947
-0.418199  0.59644  0.264947
-0.418199  0.59644  0.264947
-0.418186  0.596474  0.265066
-0.418186  0.596474  0.265066
-0.418172  0.596509  0.265186
-0.418172  0.596509  0.265186
-0.418172  0.596509  0.265186
-0.418159  0.596544  0.265305
-0.418159  0.596544  0.265305
-0.418146  0.596579  0.265424
-0.418146  0.596579  0.265424
-0.418146  0.596579  0.265424
-0.418133  0.596613  0.265543
-0.418133  0.596613  0.265543
-0.41812  0.596648  0.265662
-0.41812  0.596648  0.265662
-0.41812  0.596648  0.265662
-0.418107  0.596683  0.26578
-0.418107  0.596683  0.26578
-0.418107  0.596683  0.26578
-0.418094  0.596717  0.265898
-0.418094  0.596717  0.265898
-0.418081  0.596752  0.266016
-0.418081  0.596752  0.266016
-0.418081  0.596752  0.266016
-0.418068  0.596786  0.266134
-0.418068  0.596786  0.266134
-0.418056  0.596821  0.266251
-0.418056  0.596821  0.266251
-0.418056  0.596821  0.266251
-0.418043  0.596855  0.266368
-0.418043  0.596855  0.266368
-0.418031  0.596889  0.266485
-0.418031  0.596889  0.266485
-0.418018  0.596923  0.266601
-0.418018  0.596923  0.266601
-0.418018  0.596923  0.266601
-0.418006  0.596957  0.266716
-0.418006  0.596957  0.266716
-0.417994  0.596991  0.266831
-0.417994  0.596991  0.266831
-0.417994  0.596991  0.266831
-0.417982  0.597025  0.266944
-0.417982  0.597025  0.266944
-0.417971  0.597058  0.267058
-0.417971  0.597058  0.267058
-0.417971  0.597058  0.267058
-0.417959  0.597091  0.26717
-0.417959  0.597091  0.26717
-0.417948  0.597124  0.267282
-0.417948  0.597124  0.267282
-0.417948  0.597124  0.267282
-0.417937  0.597157  0.267394
-0.417937  0.597157  0.267394
-0.417926  0.597189  0.267504
-0.417926  0.597189  0.267504
-0.417926  0.597189  0.267504
-0.417916  0.597221  0.267614
-0.417916  0.597221  0.267614
-0.417916  0.597221  0.267614
-0.417905  0.597253  0.267724
-0.417905  0.597253  0.267724
-0.417895  0.597284  0.267833
-0.417895  0.597284  0.267833
-0.417895  0.597284  0.267833
-0.417885  0.597315  0.267942
-0.417885  0.597315  0.267942
-0.417876  0.597346  0.26805
-0.417876  0.597346  0.26805
-0.417876  0.597346  0.26805
-0.417866  0.597376  0.268158
-0.417866  0.597376  0.268158
-0.417857  0.597407  0.268265
-0.417857  0.597407  0.268265
-0.417857  0.597407  0.268265
-0.417848  0.597436  0.268372
-0.417848  0.597436  0.268372
-0.417839  0.597466  0.268479
-0.417839  0.597466  0.268479
-0.417839  0.597466  0.268479
-0.41783  0.597495  0.268585
-0.41783  0.597495  0.268585
-0.417821  0.597525  0.268691
-0.417821  0.597525  0.268691
-0.417813  0.597553  0.268795
-0.417813  0.597553  0.268795
-0.417813  0.597553  0.268795
-0.417805  0.597582  0.2689
-0.417805  0.597582  0.2689
-0.417797  0.59761  0.269003
-0.417797  0.59761  0.269003
-0.417797  0.59761  0.269003
-0.417789  0.597638  0.269106
-0.417789  0.597638  0.269106
-0.417781  0.597666  0.269208
-0.417781  0.597666  0.269208
-0.417781  0.597666  0.269208
-0.417774  0.597694  0.26931
-0.417774  0.597694  0.26931
-0.417766  0.597722  0.269411
-0.417766  0.597722  0.269411
-0.417766  0.597722  0.269411
-0.417759  0.597749  0.269511
-0.417759  0.597749  0.269511
-0.417752  0.597777  0.26961
-0.417752  0.597777  0.26961
-0.417752  0.597777  0.26961
-0.417745  0.597804  0.269708
-0.417745  0.597804  0.269708
-0.417738  0.597831  0.269806
-0.417738  0.597831  0.269806
-0.417738  0.597831  0.269806
-0.417731  0.597858  0.269903
-0.417731  0.597858  0.269903
-0.417724  0.597885  0.269998
-0.417724  0.597885  0.269998
-0.417724  0.597885  0.269998
-0.417718  0.597911  0.270093
-0.417718  0.597911  0.270093
-0.417712  0.597938  0.270186
-0.417712  0.597938  0.270186
-0.417712  0.597938  0.270186
-0.417705  0.597964  0.270279
-0.417705  0.597964  0.270279
-0.417699  0.59799  0.27037
-0.417699  0.59799  0.27037
-0.417699  0.59799  0.27037
-0.417693  0.598016  0.270459
-0.417693  0.598016  0.270459
-0.417688  0.598042  0.270548
-0.417688  0.598042  0.270548
-0.417688  0.598042  0.270548
-0.417682  0.598067  0.270635
-0.417682  0.598067  0.270635
-0.417677  0.598092  0.270721
-0.417677  0.598092  0.270721
-0.417677  0.598092  0.270721
-0.417671  0.598118  0.270805
-0.417671  0.598118  0.270805
-0.417666  0.598143  0.270889
-0.417666  0.598143  0.270889
-0.417666  0.598143  0.270889
-0.417661  0.598168  0.270971
-0.417661  0.598168  0.270971
-0.417656  0.598194  0.271052
-0.417656  0.598194  0.271052
-0.417651  0.598219  0.271132
-0.417651  0.598219  0.271132
-0.417651  0.598219  0.271132
-0.417646  0.598244  0.271211
-0.417646  0.598244  0.271211
-0.417646  0.598244  0.271211
-0.417641  0.598269  0.271289
-0.417641  0.598269  0.271289
-0.417641  0.598269  0.271289
-0.417636  0.598294  0.271367
-0.417636  0.598294  0.271367
-0.417631  0.598319  0.271443
-0.417631  0.598319  0.271443
-0.417631  0.598319  0.271443
-0.417627  0.598344  0.271518
-0.417627  0.598344  0.271518
-0.417622  0.598368  0.271592
-0.417622  0.598368  0.271592
-0.417622  0.598368  0.271592
-0.417618  0.598393  0.271666
-0.417618  0.598393  0.271666
-0.417613  0.598417  0.271739
-0.417613  0.598417  0.271739
-0.417613  0.598417  0.271739
-0.417609  0.598442  0.27181
-0.417609  0.598442  0.27181
-0.417605  0.598466  0.271881
-0.417605  0.598466  0.271881
-0.417601  0.59849  0.271951
-0.417601  0.59849  0.271951
-0.417601  0.59849  0.271951
-0.417597  0.598514  0.27202
-0.417597  0.598514  0.27202
-0.417593  0.598538  0.272088
-0.417593  0.598538  0.272088
-0.417593  0.598538  0.272088
-0.41759  0.598562  0.272155
-0.41759  0.598562  0.272155
-0.417586  0.598585  0.272221
-0.417586  0.598585  0.272221
-0.417586  0.598585  0.272221
-0.417583  0.598609  0.272286
-0.417583  0.598609  0.272286
-0.417579  0.598632  0.272349
-0.417579  0.598632  0.272349
-0.417579  0.598632  0.272349
-0.417576  0.598656  0.272412
-0.417576  0.598656  0.272412
-0.417573  0.598679  0.272474
-0.417573  0.598679  0.272474
-0.417573  0.598679  0.272474
-0.41757  0.598702  0.272535
-0.41757  0.598702  0.272535
-0.41757  0.598702  0.272535
-0.417567  0.598725  0.272595
-0.417567  0.598725  0.272595
-0.417564  0.598748  0.272654
-0.417564  0.598748  0.272654
-0.417561  0.598771  0.272711
-0.417561  0.598771  0.272711
-0.417561  0.598771  0.272711
-0.417558  0.598794  0.272768
-0.417558  0.598794  0.272768
-0.417556  0.598817  0.272825
-0.417556  0.598817  0.272825
-0.417556  0.598817  0.272825
-0.417553  0.59884  0.27288
-0.417553  0.59884  0.27288
-0.41755  0.598862  0.272935
-0.41755  0.598862  0.272935
-0.41755  0.598862  0.272935
-0.417548  0.598885  0.272988
-0.417548  0.598885  0.272988
-0.417548  0.598885  0.272988
-0.417546  0.598907  0.273041
-0.417546  0.598907  0.273041
-0.417543  0.598929  0.273094
-0.417543  0.598929  0.273094
-0.417541  0.598951  0.273145
-0.417541  0.598951  0.273145
-0.417541  0.598951  0.273145
-0.417539  0.598973  0.273196
-0.417539  0.598973  0.273196
-0.417537  0.598995  0.273246
-0.417537  0.598995  0.273246
-0.417537  0.598995  0.273246
-0.417535  0.599017  0.273296
-0.417535  0.599017  0.273296
-0.417534  0.599039  0.273345
-0.417534  0.599039  0.273345
-0.417534  0.599039  0.273345
-0.417532  0.59906  0.273393
-0.417532  0.59906  0.273393
-0.41753  0.599082  0.27344
-0.41753  0.599082  0.27344
-0.41753  0.599082  0.27344
-0.417529  0.599103  0.273486
-0.417529  0.599103  0.273486
-0.417527  0.599125  0.273532
-0.417527  0.599125  0.273532
-0.417527  0.599125  0.273532
-0.417526  0.599146  0.273577
-0.417526  0.599146  0.273577
-0.417524  0.599167  0.273622
-0.417524  0.599167  0.273622
-0.417524  0.599167  0.273622
-0.417523  0.599188  0.273665
-0.417523  0.599188  0.273665
-0.417522  0.59921  0.273708
-0.417522  0.59921  0.273708
-0.417522  0.59921  0.273708
-0.417521  0.59923  0.273751
-0.417521  0.59923  0.273751
-0.41752  0.599251  0.273792
-0.41752  0.599251  0.273792
-0.41752  0.599251  0.273792
-0.417519  0.599272  0.273834
-0.417519  0.599272  0.273834
-0.417518  0.599293  0.273875
-0.417518  0.599293  0.273875
-0.417518  0.599293  0.273875
-0.417517  0.599313  0.273915
-0.417517  0.599313  0.273915
-0.417516  0.599333  0.273955
-0.417516  0.599333  0.273955
-0.417516  0.599333  0.273955
-0.417515  0.599353  0.273995
-0.417515  0.599353  0.273995
-0.417515  0.599374  0.274035
-0.417515  0.599374  0.274035
-0.417515  0.599374  0.274035
-0.417514  0.599394  0.274074
-0.417514  0.599394  0.274074
-0.417514  0.599413  0.274113
-0.417514  0.599413  0.274113
-0.417514  0.599413  0.274113
