0.639509  0.185494
0.639506  0.185495
0.639503  0.185497
0.6395  0.185499
0.639496  0.185501
0.639493  0.185503
0.639489  0.185505
0.639486  0.185507
0.639482  0.185509
0.639478  0.185511
0.639474  0.185513
0.63947  0.185515
0.639466  0.185517
0.639462  0.185519
0.639458  0.185521
0.639454  0.185524
0.639449  0.185526
0.639445  0.185528
0.639441  0.185531
0.639436  0.185533
0.639431  0.185535
0.639427  0.185538
0.639422  0.185541
0.639417  0.185543
0.639413  0.185546
0.639408  0.185549
0.639403  0.185551
0.639398  0.185554
0.639393  0.185557
0.639388  0.18556
0.639383  0.185563
0.639378  0.185566
0.639373  0.185569
0.639368  0.185573
0.639362  0.185576
0.639357  0.185579
0.639352  0.185583
0.639347  0.185586
0.639342  0.18559
0.639336  0.185594
0.639331  0.185598
0.639326  0.185602
0.63932  0.185605
0.639315  0.18561
0.639309  0.185614
0.639304  0.185618
0.639299  0.185622
0.639293  0.185627
0.639288  0.185631
0.639282  0.185636
0.639277  0.185641
0.639271  0.185646
0.639266  0.18565
0.63926  0.185655
0.639254  0.185661
0.639249  0.185666
0.639243  0.185671
0.639238  0.185677
0.639232  0.185682
0.639226  0.185688
0.639221  0.185694
0.639215  0.1857
0.639209  0.185706
0.639204  0.185712
0.639198  0.185718
0.639192  0.185724
0.639187  0.185731
0.639181  0.185737
0.639175  0.185744
0.639169  0.185751
0.639164  0.185758
0.639158  0.185765
0.639152  0.185772
0.639146  0.185779
0.63914  0.185787
0.639135  0.185794
0.639129  0.185802
0.639123  0.185809
0.639117  0.185817
0.639111  0.185825
0.639105  0.185833
0.639099  0.185841
0.639094  0.18585
0.639088  0.185858
0.639082  0.185867
0.639076  0.185875
0.63907  0.185884
0.639064  0.185893
0.639058  0.185902
0.639052  0.185911
0.639046  0.18592
0.63904  0.18593
0.639034  0.185939
0.639028  0.185949
0.639022  0.185958
0.639016  0.185968
0.63901  0.185978
0.639004  0.185988
0.638998  0.185998
0.638992  0.186008
0.638986  0.186019
0.63898  0.186029
0.638974  0.18604
0.638968  0.18605
0.638962  0.186061
0.638956  0.186072
0.63895  0.186082
0.638944  0.186093
0.638937  0.186105
0.638931  0.186116
0.638925  0.186127
0.638919  0.186138
0.638913  0.18615
0.638907  0.186161
0.638901  0.186173
0.638895  0.186185
0.638889  0.186197
0.638882  0.186208
0.638876  0.18622
0.63887  0.186233
0.638864  0.186245
0.638858  0.186257
0.638852  0.186269
0.638846  0.186282
0.638839  0.186294
0.638833  0.186307
0.638827  0.186319
0.638821  0.186332
0.638815  0.186345
0.638809  0.186358
0.638802  0.186371
0.638796  0.186384
0.63879  0.186397
0.638784  0.18641
0.638778  0.186424
0.638772  0.186437
0.638765  0.18645
0.638759  0.186464
0.638753  0.186477
0.638747  0.186491
0.638741  0.186505
0.638735  0.186519
0.638729  0.186532
0.638722  0.186546
0.638716  0.18656
0.63871  0.186574
0.638704  0.186588
0.638698  0.186603
0.638692  0.186617
0.638686  0.186631
0.63868  0.186646
0.638673  0.18666
0.638667  0.186674
0.638661  0.186689
0.638655  0.186704
0.638649  0.186718
0.638643  0.186733
0.638637  0.186748
0.638631  0.186763
0.638625  0.186777
0.638618  0.186792
0.638612  0.186807
0.638606  0.186822
0.6386  0.186838
0.638594  0.186853
0.638588  0.186868
0.638582  0.186883
0.638576  0.186899
0.63857  0.186914
0.638564  0.18693
0.638557  0.186945
0.638551  0.186961
0.638545  0.186976
0.638539  0.186992
0.638533  0.187008
0.638527  0.187023
0.638521  0.187039
0.638515  0.187055
0.638509  0.187071
0.638503  0.187087
0.638497  0.187103
0.63849  0.187119
0.638484  0.187135
0.638478  0.187151
0.638472  0.187167
0.638466  0.187183
0.63846  0.187199
0.638454  0.187215
0.638448  0.187232
0.638442  0.187248
0.638436  0.187264
0.63843  0.187281
0.638424  0.187297
0.638418  0.187313
0.638411  0.18733
0.638405  0.187346
0.638399  0.187363
0.638393  0.187379
0.638387  0.187396
0.638381  0.187412
0.638375  0.187429
0.638369  0.187445
0.638363  0.187462
0.638357  0.187478
0.638351  0.187495
0.638345  0.187511
0.638339  0.187528
0.638333  0.187544
0.638327  0.187561
0.638321  0.187577
0.638315  0.187594
0.638309  0.18761
0.638303  0.187627
0.638298  0.187643
0.638292  0.18766
0.638286  0.187676
0.63828  0.187692
0.638274  0.187709
0.638268  0.187725
0.638262  0.187741
0.638257  0.187758
0.638251  0.187774
0.638245  0.18779
0.638239  0.187807
0.638233  0.187823
0.638228  0.187839
0.638222  0.187855
0.638216  0.187871
0.63821  0.187887
0.638205  0.187904
0.638199  0.18792
0.638193  0.187936
0.638188  0.187952
0.638182  0.187968
0.638176  0.187984
0.638171  0.188
0.638165  0.188015
0.63816  0.188031
0.638154  0.188047
0.638149  0.188063
0.638143  0.188079
0.638137  0.188094
0.638132  0.18811
0.638127  0.188126
0.638121  0.188142
0.638116  0.188157
0.63811  0.188173
0.638105  0.188188
0.6381  0.188204
0.638094  0.188219
0.638089  0.188235
0.638084  0.18825
0.638078  0.188266
0.638073  0.188281
0.638068  0.188296
0.638063  0.188312
0.638058  0.188327
0.638052  0.188342
0.638047  0.188358
0.638042  0.188373
0.638037  0.188388
0.638032  0.188403
0.638027  0.188419
0.638022  0.188434
0.638017  0.188449
0.638012  0.188464
0.638007  0.188479
0.638002  0.188494
0.637998  0.188509
0.637993  0.188524
0.637988  0.188539
0.637983  0.188554
0.637978  0.188569
0.637974  0.188584
0.637969  0.188599
0.637964  0.188614
0.63796  0.188629
0.637955  0.188644
0.637951  0.188659
0.637946  0.188674
0.637942  0.188689
0.637937  0.188704
0.637933  0.188719
0.637928  0.188733
0.637924  0.188748
0.637919  0.188763
0.637915  0.188778
0.637911  0.188793
0.637907  0.188808
0.637902  0.188822
0.637898  0.188837
0.637894  0.188852
0.63789  0.188867
0.637886  0.188882
0.637882  0.188897
0.637878  0.188912
0.637874  0.188926
0.63787  0.188941
0.637866  0.188956
0.637862  0.188971
0.637858  0.188986
0.637855  0.189001
0.637851  0.189016
0.637847  0.189031
0.637844  0.189046
0.63784  0.189061
0.637836  0.189076
0.637833  0.189091
0.637829  0.189106
0.637826  0.189121
0.637822  0.189137
0.637819  0.189152
0.637815  0.189167
0.637812  0.189182
0.637809  0.189198
0.637805  0.189213
0.637802  0.189229
0.637799  0.189244
0.637796  0.18926
0.637792  0.189275
0.637789  0.189291
0.637786  0.189307
0.637783  0.189323
0.63778  0.189338
0.637777  0.189354
0.637774  0.18937
0.637771  0.189387
0.637768  0.189403
0.637765  0.189419
0.637763  0.189435
0.63776  0.189452
0.637757  0.189468
0.637754  0.189485
0.637752  0.189502
0.637749  0.189519
0.637746  0.189536
0.637744  0.189553
0.637741  0.18957
0.637738  0.189587
0.637736  0.189605
0.637733  0.189622
0.637731  0.18964
0.637728  0.189658
0.637726  0.189676
0.637723  0.189694
0.637721  0.189712
0.637719  0.18973
0.637716  0.189749
0.637714  0.189768
0.637712  0.189787
0.637709  0.189806
0.637707  0.189825
0.637705  0.189845
0.637702  0.189864
0.6377  0.189884
0.637698  0.189904
0.637696  0.189924
0.637693  0.189945
0.637691  0.189966
0.637689  0.189987
0.637687  0.190008
0.637685  0.190029
0.637682  0.190051
0.63768  0.190073
0.637678  0.190095
0.637676  0.190117
0.637674  0.19014
0.637672  0.190163
0.637669  0.190186
0.637667  0.19021
0.637665  0.190234
0.637663  0.190258
0.63766  0.190282
0.637658  0.190307
0.637656  0.190332
0.637654  0.190357
0.637651  0.190383
0.637649  0.190409
0.637647  0.190435
0.637644  0.190462
0.637642  0.190489
0.63764  0.190516
0.637637  0.190544
0.637635  0.190572
0.637632  0.1906
0.63763  0.190629
0.637627  0.190658
0.637625  0.190687
0.637622  0.190717
0.637619  0.190747
0.637617  0.190778
0.637614  0.190809
0.637611  0.19084
0.637608  0.190872
0.637605  0.190904
0.637603  0.190937
0.6376  0.19097
0.637597  0.191003
0.637594  0.191037
0.63759  0.191071
0.637587  0.191105
0.637584  0.191141
0.637581  0.191176
0.637577  0.191212
0.637574  0.191248
0.637571  0.191285
0.637567  0.191322
0.637563  0.19136
0.63756  0.191398
0.637556  0.191436
0.637552  0.191475
0.637548  0.191514
0.637544  0.191554
0.63754  0.191594
0.637536  0.191635
0.637532  0.191676
0.637528  0.191717
0.637524  0.191759
0.637519  0.191801
0.637515  0.191844
0.63751  0.191887
0.637505  0.191931
0.637501  0.191975
0.637496  0.19202
0.637491  0.192065
0.637486  0.19211
0.637481  0.192156
0.637476  0.192202
0.63747  0.192249
0.637465  0.192296
0.63746  0.192344
0.637454  0.192392
0.637448  0.192441
0.637443  0.19249
0.637437  0.192539
0.637431  0.192589
0.637425  0.19264
0.637419  0.192691
0.637412  0.192742
0.637406  0.192794
0.6374  0.192846
0.637393  0.192899
0.637386  0.192953
0.63738  0.193006
0.637373  0.19306
0.637366  0.193115
0.637359  0.19317
0.637351  0.193226
0.637344  0.193282
0.637337  0.193338
0.637329  0.193395
0.637322  0.193452
0.637314  0.19351
0.637306  0.193568
0.637298  0.193627
0.63729  0.193686
0.637282  0.193746
0.637273  0.193806
0.637265  0.193866
0.637256  0.193927
0.637248  0.193989
0.637239  0.194051
0.63723  0.194113
0.637221  0.194176
0.637212  0.194239
0.637202  0.194303
0.637193  0.194367
0.637183  0.194432
0.637174  0.194497
0.637164  0.194562
0.637154  0.194628
0.637144  0.194694
0.637134  0.194761
0.637124  0.194828
0.637113  0.194896
0.637103  0.194964
0.637092  0.195033
0.637081  0.195102
0.63707  0.195171
0.637059  0.195242
0.637048  0.195312
0.637036  0.195383
0.637025  0.195455
0.637013  0.195527
0.637001  0.1956
0.636989  0.195673
0.636977  0.195747
0.636964  0.195821
0.636952  0.195895
0.636939  0.19597
0.636927  0.196046
0.636914  0.196122
0.636901  0.196198
0.636887  0.196275
0.636874  0.196353
0.63686  0.196431
0.636847  0.196509
0.636833  0.196588
0.636819  0.196667
0.636805  0.196747
0.63679  0.196828
0.636776  0.196908
0.636761  0.196989
0.636746  0.197071
0.636731  0.197153
0.636716  0.197235
0.636701  0.197318
0.636685  0.197402
0.63667  0.197486
0.636654  0.197571
0.636638  0.197656
0.636622  0.197741
0.636605  0.197827
0.636589  0.197913
0.636572  0.198
0.636555  0.198088
0.636538  0.198176
0.636521  0.198264
0.636503  0.198353
0.636486  0.198443
0.636468  0.198533
0.63645  0.198623
0.636432  0.198714
0.636413  0.198806
0.636395  0.198897
0.636376  0.19899
0.636357  0.199083
0.636338  0.199176
0.636319  0.19927
0.636299  0.199365
0.636279  0.19946
0.636259  0.199555
0.636239  0.199652
0.636219  0.199748
0.636198  0.199846
0.636178  0.199943
0.636157  0.200042
0.636136  0.20014
0.636114  0.200239
0.636093  0.200339
0.636071  0.200439
0.636049  0.20054
0.636027  0.200641
0.636005  0.200743
0.635982  0.200845
0.635959  0.200947
0.635936  0.20105
0.635913  0.201154
0.63589  0.201258
0.635866  0.201362
0.635843  0.201468
0.635819  0.201573
0.635794  0.20168
0.63577  0.201786
0.635745  0.201893
0.635721  0.202001
0.635696  0.202109
0.63567  0.202218
0.635645  0.202327
0.635619  0.202436
0.635593  0.202546
0.635567  0.202656
0.635541  0.202767
0.635515  0.202878
0.635488  0.20299
0.635461  0.203103
0.635434  0.203215
0.635407  0.203329
0.635379  0.203443
0.635352  0.203557
0.635324  0.203672
0.635296  0.203787
0.635267  0.203902
0.635239  0.204018
0.63521  0.204134
0.635181  0.204251
0.635152  0.204368
0.635123  0.204485
0.635093  0.204603
0.635064  0.204722
0.635034  0.20484
0.635004  0.204959
0.634974  0.205078
0.634944  0.205197
0.634913  0.205317
0.634882  0.205437
0.634852  0.205557
0.63482  0.205678
0.634789  0.205799
0.634758  0.205921
0.634726  0.206043
0.634694  0.206165
0.634662  0.206287
0.63463  0.20641
0.634598  0.206533
0.634565  0.206657
0.634533  0.206781
0.6345  0.206906
0.634466  0.207031
0.634433  0.207156
0.6344  0.207281
0.634366  0.207407
0.634332  0.207533
0.634298  0.207659
0.634264  0.207785
0.63423  0.207911
0.634195  0.208038
0.634161  0.208165
0.634126  0.208292
0.634091  0.20842
0.634056  0.208548
0.634021  0.208676
0.633985  0.208804
0.63395  0.208932
0.633914  0.209061
0.633878  0.20919
0.633842  0.20932
0.633806  0.209449
0.633769  0.209579
0.633733  0.209709
0.633696  0.209839
0.633659  0.209969
0.633622  0.2101
0.633585  0.210231
0.633547  0.210362
0.63351  0.210494
0.633472  0.210625
0.633434  0.210758
0.633396  0.21089
0.633358  0.211022
0.633319  0.211155
0.633281  0.211288
0.633242  0.211421
0.633203  0.211554
0.633164  0.211688
0.633125  0.211822
0.633085  0.211956
0.633046  0.21209
0.633006  0.212225
0.632966  0.21236
0.632926  0.212494
0.632886  0.212629
0.632846  0.212764
0.632805  0.2129
0.632765  0.213035
0.632724  0.213171
0.632683  0.213306
0.632642  0.213442
0.632601  0.213578
0.63256  0.213715
0.632518  0.213851
0.632477  0.213987
0.632435  0.214124
0.632393  0.21426
0.632351  0.214397
0.632309  0.214534
0.632267  0.214671
0.632224  0.214808
0.632182  0.214945
0.632139  0.215083
0.632097  0.21522
0.632054  0.215357
0.632011  0.215495
0.631967  0.215633
0.631924  0.215771
0.631881  0.215909
0.631837  0.216047
0.631793  0.216186
0.631749  0.216325
0.631705  0.216463
0.631661  0.216602
0.631616  0.216741
0.631572  0.21688
0.631527  0.217019
0.631483  0.217158
0.631438  0.217297
0.631393  0.217437
0.631348  0.217576
0.631302  0.217716
0.631257  0.217855
0.631211  0.217995
0.631166  0.218134
0.63112  0.218274
0.631074  0.218414
0.631028  0.218554
0.630982  0.218693
0.630935  0.218833
0.630889  0.218973
0.630842  0.219114
0.630796  0.219254
0.630749  0.219394
0.630702  0.219534
0.630655  0.219674
0.630607  0.219815
0.63056  0.219955
0.630512  0.220096
0.630464  0.220236
0.630417  0.220377
0.630369  0.220518
0.63032  0.220659
0.630272  0.2208
0.630223  0.220941
0.630174  0.221082
0.630125  0.221224
0.630076  0.221365
0.630027  0.221507
0.629978  0.221648
0.629928  0.22179
0.629879  0.221931
0.629829  0.222072
0.629779  0.222214
0.629729  0.222355
0.629679  0.222496
0.629629  0.222638
0.629578  0.222779
0.629528  0.222921
0.629477  0.223063
0.629426  0.223204
0.629375  0.223346
0.629323  0.223488
0.629272  0.22363
0.62922  0.223772
0.629169  0.223914
0.629117  0.224056
0.629064  0.224198
0.629012  0.22434
0.628959  0.224483
0.628907  0.224625
0.628854  0.224768
0.628801  0.224911
0.628747  0.225054
0.628694  0.225197
0.62864  0.22534
0.628586  0.225482
0.628532  0.225626
0.628478  0.225768
0.628424  0.225912
0.62837  0.226055
0.628315  0.226198
0.62826  0.226341
0.628205  0.226485
0.62815  0.226629
0.628094  0.226772
0.628038  0.226916
0.627983  0.22706
0.627927  0.227204
0.62787  0.227348
0.627814  0.227492
0.627757  0.227637
0.627701  0.227781
0.627644  0.227925
0.627587  0.228069
0.62753  0.228213
0.627472  0.228358
0.627415  0.228502
0.627357  0.228647
0.627299  0.228792
0.62724  0.228937
0.627182  0.229082
0.627123  0.229227
0.627065  0.229372
0.627006  0.229518
0.626947  0.229663
0.626887  0.229808
0.626828  0.229954
0.626768  0.230099
0.626708  0.230244
0.626648  0.23039
0.626588  0.230535
0.626528  0.230681
0.626467  0.230827
0.626406  0.230973
0.626345  0.23112
0.626284  0.231266
0.626223  0.231412
0.626161  0.231559
0.6261  0.231705
0.626038  0.231852
0.625976  0.231998
0.625914  0.232145
0.625851  0.232291
0.625789  0.232438
0.625726  0.232584
0.625664  0.23273
0.625601  0.232877
0.625538  0.233023
0.625475  0.233169
0.625412  0.233316
0.625348  0.233462
0.625285  0.233609
0.625221  0.233755
0.625157  0.233902
0.625093  0.234049
0.625029  0.234195
0.624964  0.234342
0.6249  0.234489
0.624835  0.234635
0.62477  0.234782
0.624705  0.234929
0.62464  0.235076
0.624574  0.235223
0.624509  0.235371
0.624443  0.235518
0.624377  0.235666
0.62431  0.235813
0.624244  0.235961
0.624178  0.236108
0.624111  0.236256
0.624044  0.236403
0.623977  0.236551
0.62391  0.236699
0.623843  0.236846
0.623775  0.236994
0.623708  0.237142
0.62364  0.237289
0.623572  0.237437
0.623504  0.237585
0.623436  0.237732
0.623368  0.23788
0.623299  0.238028
0.62323  0.238176
0.623161  0.238324
0.623092  0.238473
0.623023  0.238621
0.622953  0.23877
0.622884  0.238918
0.622814  0.239066
0.622744  0.239215
0.622674  0.239363
0.622604  0.239512
0.622533  0.23966
0.622463  0.239808
0.622392  0.239957
0.622321  0.240105
0.62225  0.240254
0.622179  0.240402
0.622108  0.240551
0.622036  0.240699
0.621965  0.240848
0.621893  0.240997
0.621821  0.241145
0.621749  0.241294
0.621676  0.241444
0.621604  0.241593
0.621531  0.241742
0.621458  0.241891
0.621385  0.24204
0.621312  0.242189
0.621238  0.242339
0.621165  0.242488
0.621091  0.242637
0.621018  0.242786
0.620944  0.242935
0.62087  0.243085
0.620795  0.243234
0.620721  0.243384
0.620646  0.243534
0.620571  0.243684
0.620496  0.243834
0.620421  0.243984
0.620345  0.244134
0.620269  0.244284
0.620193  0.244435
0.620117  0.244585
0.620041  0.244736
0.619965  0.244887
0.619888  0.245037
0.619811  0.245188
0.619734  0.245339
0.619657  0.245489
0.61958  0.24564
0.619503  0.245791
0.619426  0.245941
0.619348  0.246092
0.619271  0.246242
0.619193  0.246392
0.619115  0.246543
0.619037  0.246693
0.618959  0.246844
0.61888  0.246995
0.618802  0.247145
0.618723  0.247296
0.618644  0.247447
0.618565  0.247598
0.618486  0.247748
0.618407  0.247899
0.618328  0.24805
0.618248  0.248201
0.618168  0.248352
0.618088  0.248503
0.618008  0.248654
0.617928  0.248805
0.617847  0.248957
0.617767  0.249108
0.617686  0.249259
0.617605  0.249411
0.617524  0.249562
0.617443  0.249713
0.617361  0.249865
0.61728  0.250017
0.617198  0.250168
0.617116  0.25032
0.617034  0.250471
0.616952  0.250623
0.616869  0.250775
0.616787  0.250927
0.616704  0.251078
0.616622  0.25123
0.616539  0.251381
0.616456  0.251533
0.616373  0.251684
0.61629  0.251836
0.616206  0.251988
0.616123  0.252139
0.616039  0.252291
0.615955  0.252443
0.615871  0.252594
0.615787  0.252746
0.615703  0.252898
0.615618  0.25305
0.615533  0.253202
0.615449  0.253354
0.615364  0.253506
0.615278  0.253658
0.615193  0.25381
0.615107  0.253963
0.615022  0.254115
0.614935  0.254268
0.614849  0.254421
0.614763  0.254573
0.614676  0.254726
0.61459  0.254879
0.614503  0.255032
0.614416  0.255184
0.614329  0.255337
0.614241  0.255491
0.614154  0.255644
0.614066  0.255798
0.613978  0.255951
0.61389  0.256105
0.613801  0.256258
0.613713  0.256411
0.613624  0.256565
0.613535  0.256719
0.613447  0.256872
0.613358  0.257026
0.613268  0.257179
0.613179  0.257333
0.61309  0.257486
0.613  0.25764
0.61291  0.257794
0.61282  0.257947
0.61273  0.258101
0.61264  0.258255
0.612549  0.258408
0.612459  0.258562
0.612368  0.258715
0.612278  0.258869
0.612187  0.259023
0.612095  0.259176
0.612004  0.25933
0.611912  0.259485
0.611821  0.259639
0.611729  0.259793
0.611636  0.259947
0.611544  0.260102
0.611451  0.260256
0.611358  0.260411
0.611265  0.260565
0.611172  0.26072
0.611079  0.260875
0.610985  0.26103
0.610891  0.261185
0.610797  0.26134
0.610703  0.261495
0.610608  0.26165
0.610514  0.261806
0.610419  0.261961
0.610324  0.262117
0.610229  0.262272
0.610133  0.262428
0.610037  0.262584
0.609941  0.26274
0.609845  0.262895
0.609749  0.263051
0.609653  0.263207
0.609557  0.263362
0.60946  0.263518
0.609363  0.263674
0.609266  0.263829
0.609169  0.263985
0.609072  0.26414
0.608975  0.264295
0.608878  0.26445
0.608781  0.264605
0.608684  0.26476
0.608586  0.264914
0.608488  0.265069
0.608391  0.265224
0.608293  0.265378
0.608195  0.265533
0.608096  0.265687
0.607998  0.265842
0.6079  0.265996
0.607801  0.26615
0.607702  0.266305
0.607604  0.266459
0.607505  0.266613
0.607406  0.266767
0.607306  0.266921
0.607207  0.267075
0.607107  0.26723
0.607007  0.267384
0.606907  0.267538
0.606807  0.267693
0.606706  0.267847
0.606606  0.268001
0.606505  0.268154
0.606405  0.268308
0.606304  0.268462
0.606203  0.268616
0.606102  0.268769
0.606001  0.268923
0.6059  0.269076
0.605798  0.26923
0.605697  0.269383
0.605595  0.269537
0.605493  0.26969
0.605391  0.269844
0.605288  0.269997
0.605186  0.27015
0.605084  0.270303
0.604981  0.270456
0.604878  0.270609
0.604776  0.270762
0.604673  0.270915
0.60457  0.271067
0.604467  0.27122
0.604364  0.271372
0.60426  0.271525
0.604157  0.271677
0.604054  0.271829
0.60395  0.271981
0.603846  0.272133
0.603743  0.272284
0.603639  0.272436
0.603535  0.272587
0.603431  0.272739
0.603327  0.27289
0.603223  0.273041
0.603118  0.273192
0.603014  0.273343
0.602909  0.273493
0.602805  0.273644
0.6027  0.273794
0.602595  0.273944
0.602491  0.274094
0.602386  0.274244
0.602281  0.274394
0.602176  0.274544
0.602071  0.274694
0.601965  0.274843
0.60186  0.274992
0.601755  0.275141
0.601649  0.27529
0.601544  0.275439
0.601438  0.275588
0.601332  0.275736
0.601227  0.275885
0.601121  0.276033
0.601014  0.276181
0.600908  0.276329
0.600802  0.276478
0.600695  0.276626
0.600589  0.276774
0.600482  0.276921
0.600375  0.277069
0.600268  0.277216
0.600162  0.277363
0.600055  0.27751
0.599948  0.277657
0.599841  0.277804
0.599733  0.27795
0.599626  0.278097
0.599519  0.278243
0.599412  0.278389
0.599304  0.278535
0.599197  0.27868
0.599089  0.278826
0.598982  0.278971
0.598874  0.279116
0.598766  0.279261
0.598659  0.279406
0.598551  0.27955
0.598443  0.279695
0.598335  0.279839
0.598227  0.279983
0.598119  0.280126
0.598011  0.28027
0.597903  0.280413
0.597795  0.280557
0.597686  0.2807
0.597578  0.280842
0.59747  0.280985
0.597361  0.281128
0.597253  0.28127
0.597144  0.281412
0.597035  0.281555
0.596926  0.281697
0.596817  0.281839
0.596708  0.28198
0.596599  0.282122
0.59649  0.282263
0.596381  0.282404
0.596271  0.282545
0.596162  0.282686
0.596052  0.282827
0.595943  0.282967
0.595833  0.283108
0.595723  0.283248
0.595614  0.283388
0.595504  0.283528
0.595394  0.283667
0.595284  0.283807
0.595174  0.283946
0.595065  0.284084
0.594955  0.284223
0.594845  0.284362
0.594735  0.2845
0.594625  0.284638
0.594515  0.284775
0.594405  0.284913
0.594295  0.28505
0.594184  0.285187
0.594074  0.285324
0.593964  0.285461
0.593854  0.285597
0.593744  0.285733
0.593634  0.285869
0.593523  0.286005
0.593413  0.28614
0.593303  0.286275
0.593193  0.28641
0.593082  0.286545
0.592972  0.28668
0.592861  0.286814
0.592751  0.286949
0.59264  0.287083
0.592529  0.287217
0.592419  0.287351
0.592308  0.287484
0.592197  0.287617
0.592086  0.287751
0.591976  0.287883
0.591865  0.288016
0.591754  0.288148
0.591643  0.28828
0.591532  0.288412
0.591422  0.288544
0.591311  0.288675
0.5912  0.288806
0.591089  0.288937
0.590979  0.289067
0.590868  0.289197
0.590757  0.289327
0.590646  0.289457
0.590536  0.289587
0.590425  0.289716
0.590314  0.289845
0.590203  0.289974
0.590092  0.290102
0.589982  0.29023
0.589871  0.290358
0.58976  0.290486
0.589649  0.290614
0.589539  0.290741
0.589427  0.290869
0.589316  0.290996
0.589205  0.291123
0.589094  0.291249
0.588983  0.291376
0.588872  0.291502
0.588761  0.291627
0.58865  0.291753
0.588539  0.291879
0.588428  0.292004
0.588317  0.292129
0.588205  0.292254
0.588094  0.292379
0.587983  0.292503
0.587871  0.292627
0.58776  0.292751
0.587649  0.292875
0.587537  0.292999
0.587426  0.293122
0.587315  0.293245
0.587204  0.293367
0.587093  0.29349
0.586981  0.293612
0.58687  0.293734
0.586759  0.293855
0.586648  0.293977
0.586537  0.294098
0.586426  0.294218
0.586315  0.294338
0.586205  0.294458
0.586094  0.294578
0.585983  0.294698
0.585873  0.294817
0.585762  0.294936
0.585651  0.295055
0.58554  0.295173
0.58543  0.295291
0.585319  0.295409
0.585208  0.295527
0.585098  0.295645
0.584987  0.295762
0.584876  0.295879
0.584766  0.295996
0.584655  0.296112
0.584545  0.296228
0.584434  0.296344
0.584323  0.29646
0.584213  0.296576
0.584102  0.296691
0.583992  0.296806
0.583881  0.296921
0.58377  0.297036
0.58366  0.29715
0.583549  0.297264
0.583439  0.297378
0.583328  0.297492
0.583217  0.297605
0.583107  0.297719
0.582996  0.297832
0.582886  0.297944
0.582775  0.298057
0.582665  0.298169
0.582554  0.298281
0.582443  0.298393
0.582333  0.298505
0.582222  0.298616
0.582112  0.298727
0.582001  0.298838
0.58189  0.298949
0.58178  0.299059
0.581669  0.299169
0.581558  0.299279
0.581448  0.299389
0.581337  0.299499
0.581226  0.299608
0.581116  0.299717
0.581005  0.299826
0.580894  0.299935
0.580783  0.300044
0.580672  0.300152
0.580561  0.300261
0.58045  0.300369
0.580338  0.300477
0.580227  0.300585
0.580116  0.300693
0.580004  0.3008
0.579893  0.300907
0.579782  0.301015
0.57967  0.301122
0.579558  0.301229
0.579446  0.301335
0.579334  0.301442
0.579222  0.301549
0.57911  0.301655
0.578998  0.301761
0.578886  0.301867
0.578774  0.301973
0.578662  0.302079
0.578549  0.302184
0.578437  0.302289
0.578324  0.302395
0.578212  0.3025
0.578099  0.302604
0.577987  0.302709
0.577874  0.302814
0.577761  0.302918
0.577648  0.303022
0.577536  0.303126
0.577423  0.30323
0.57731  0.303334
0.577197  0.303437
0.577083  0.303541
0.57697  0.303644
0.576857  0.303747
0.576743  0.30385
0.57663  0.303953
0.576516  0.304056
0.576403  0.304158
0.576289  0.304261
0.576175  0.304363
0.576061  0.304466
0.575946  0.304568
0.575832  0.30467
0.575717  0.304772
0.575603  0.304874
0.575488  0.304976
0.575373  0.305077
0.575258  0.305179
0.575143  0.30528
0.575028  0.305382
0.574913  0.305483
0.574797  0.305584
0.574681  0.305685
0.574566  0.305786
0.57445  0.305887
0.574334  0.305988
0.574218  0.306088
0.574102  0.306189
0.573985  0.306289
0.573869  0.306389
0.573753  0.306489
0.573636  0.306589
0.57352  0.306689
0.573403  0.306788
0.573287  0.306888
0.57317  0.306987
0.573053  0.307086
0.572936  0.307185
0.572819  0.307284
0.572701  0.307383
0.572584  0.307482
0.572466  0.30758
0.572348  0.307679
0.57223  0.307777
0.572112  0.307876
0.571994  0.307974
0.571876  0.308072
0.571758  0.308169
0.571639  0.308267
0.571521  0.308365
0.571402  0.308462
0.571283  0.30856
0.571164  0.308657
0.571045  0.308754
0.570926  0.308851
0.570806  0.308948
0.570687  0.309044
0.570567  0.309141
0.570448  0.309237
0.570328  0.309333
0.570209  0.309428
0.570089  0.309524
0.56997  0.309619
0.56985  0.309714
0.56973  0.309809
0.569611  0.309904
0.569491  0.309998
0.569371  0.310092
0.569251  0.310187
0.569131  0.310281
0.56901  0.310375
0.56889  0.310469
0.568769  0.310562
0.568648  0.310656
0.568527  0.31075
0.568405  0.310843
0.568284  0.310936
0.568162  0.311029
0.568041  0.311122
0.567919  0.311215
0.567797  0.311308
0.567676  0.3114
0.567554  0.311492
0.567432  0.311585
0.56731  0.311676
0.567187  0.311768
0.567065  0.31186
0.566943  0.311951
0.56682  0.312042
0.566697  0.312134
0.566574  0.312225
0.566451  0.312316
0.566328  0.312407
0.566205  0.312497
0.566081  0.312588
0.565958  0.312678
0.565834  0.312768
0.565711  0.312859
0.565587  0.312948
0.565463  0.313038
0.565339  0.313128
0.565215  0.313217
0.565091  0.313306
0.564967  0.313396
0.564843  0.313484
0.564718  0.313573
0.564594  0.313662
0.564469  0.31375
0.564345  0.313839
0.56422  0.313927
0.564095  0.314015
0.56397  0.314103
0.563845  0.314191
0.56372  0.314279
0.563594  0.314366
0.563468  0.314454
0.563342  0.314542
0.563216  0.314629
0.56309  0.314716
0.562964  0.314804
0.562838  0.314891
0.562712  0.314977
0.562585  0.315064
0.562459  0.31515
0.562333  0.315237
0.562206  0.315323
0.56208  0.315409
0.561953  0.315495
0.561826  0.315581
0.561699  0.315667
0.561573  0.315752
0.561445  0.315838
0.561318  0.315923
0.561191  0.316009
0.561063  0.316094
0.560936  0.316179
0.560808  0.316264
0.56068  0.316349
0.560552  0.316434
0.560424  0.316519
0.560296  0.316603
0.560168  0.316688
0.560039  0.316773
0.559911  0.316857
0.559782  0.316942
0.559653  0.317026
0.559525  0.31711
0.559396  0.317194
0.559267  0.317278
0.559138  0.317361
0.55901  0.317445
0.55888  0.317528
0.558751  0.317612
0.558622  0.317696
0.558492  0.317779
0.558363  0.317862
0.558233  0.317945
0.558103  0.318029
0.557973  0.318112
0.557843  0.318195
0.557713  0.318278
0.557582  0.318361
0.557452  0.318444
0.557321  0.318527
0.55719  0.318609
0.557059  0.318692
0.556928  0.318775
0.556797  0.318857
0.556666  0.31894
0.556534  0.319022
0.556403  0.319105
0.556271  0.319187
0.556139  0.31927
0.556007  0.319352
0.555875  0.319434
0.555743  0.319516
0.55561  0.319599
0.555478  0.319681
0.555345  0.319763
0.555212  0.319845
0.555079  0.319927
0.554946  0.320009
0.554813  0.320091
0.55468  0.320173
0.554546  0.320255
0.554413  0.320336
0.554279  0.320418
0.554145  0.3205
0.554011  0.320582
0.553876  0.320664
0.553742  0.320745
0.553608  0.320827
0.553473  0.320909
0.553338  0.32099
0.553203  0.321072
0.553068  0.321153
0.552933  0.321235
0.552797  0.321317
0.552662  0.321398
0.552526  0.32148
0.55239  0.321561
0.552254  0.321643
0.552118  0.321724
0.551982  0.321806
0.551845  0.321887
0.551709  0.321968
0.551572  0.32205
0.551436  0.322131
0.551299  0.322212
0.551162  0.322293
0.551025  0.322374
0.550888  0.322455
0.550751  0.322537
0.550613  0.322618
0.550475  0.322699
0.550337  0.322781
0.550198  0.322862
0.55006  0.322944
0.549921  0.323025
0.549782  0.323107
0.549643  0.323188
0.549504  0.323269
0.549365  0.323351
0.549226  0.323432
0.549086  0.323513
0.548947  0.323595
0.548807  0.323676
0.548667  0.323757
0.548527  0.323839
0.548386  0.323921
0.548246  0.324002
0.548104  0.324084
0.547963  0.324166
0.547822  0.324248
0.54768  0.32433
0.547537  0.324412
0.547395  0.324495
0.547252  0.324577
0.547109  0.324659
0.546966  0.324742
0.546823  0.324824
0.546679  0.324907
0.546536  0.324989
0.546392  0.325072
0.546248  0.325155
0.546104  0.325237
0.545959  0.32532
0.545815  0.325403
0.545671  0.325485
0.545526  0.325568
0.545382  0.325651
0.545237  0.325734
0.545091  0.325817
0.544946  0.3259
0.5448  0.325983
0.544655  0.326066
0.544508  0.32615
0.544362  0.326233
0.544216  0.326317
0.544069  0.3264
0.543922  0.326484
0.543776  0.326567
0.543629  0.326651
0.543482  0.326734
0.543335  0.326818
0.543187  0.326902
0.54304  0.326986
0.542892  0.32707
0.542744  0.327154
0.542596  0.327238
0.542447  0.327323
0.542299  0.327407
0.54215  0.327492
0.542001  0.327576
0.541851  0.327661
0.541702  0.327746
0.541552  0.327831
0.541402  0.327916
0.541252  0.328001
0.541102  0.328086
0.540952  0.328171
0.540801  0.328257
0.54065  0.328342
0.540499  0.328428
0.540348  0.328514
0.540196  0.3286
0.540045  0.328686
0.539893  0.328772
0.539741  0.328858
0.539589  0.328944
0.539436  0.32903
0.539284  0.329117
0.539131  0.329204
0.538978  0.32929
0.538825  0.329377
0.538671  0.329464
0.538517  0.329552
0.538363  0.329639
0.538208  0.329726
0.538054  0.329814
0.537899  0.329902
0.537744  0.329989
0.537589  0.330077
0.537434  0.330165
0.537279  0.330253
0.537123  0.330341
0.536968  0.330429
0.536812  0.330518
0.536656  0.330606
0.536499  0.330695
0.536342  0.330783
0.536185  0.330872
0.536028  0.330961
0.53587  0.331051
0.535713  0.33114
0.535555  0.331229
0.535397  0.331318
0.535239  0.331408
0.535081  0.331497
0.534923  0.331587
0.534764  0.331676
0.534605  0.331766
0.534446  0.331856
0.534287  0.331946
0.534128  0.332036
0.533969  0.332126
0.533809  0.332216
0.533649  0.332306
0.533489  0.332396
0.533329  0.332486
0.533169  0.332577
0.533008  0.332667
0.532848  0.332758
0.532687  0.332848
0.532526  0.332939
0.532365  0.333029
0.532203  0.33312
0.532042  0.333211
0.53188  0.333302
0.531718  0.333393
0.531556  0.333483
0.531394  0.333574
0.531232  0.333665
0.531069  0.333756
0.530906  0.333847
0.530743  0.333939
0.53058  0.33403
0.530417  0.334121
0.530253  0.334212
0.530089  0.334304
0.529925  0.334395
0.52976  0.334487
0.529595  0.334579
0.52943  0.334671
0.529265  0.334762
0.5291  0.334854
0.528935  0.334946
0.528769  0.335038
0.528603  0.33513
0.528437  0.335221
0.528271  0.335313
0.528105  0.335405
0.527938  0.335497
0.527771  0.335589
0.527604  0.335681
0.527437  0.335773
0.52727  0.335865
0.527102  0.335958
0.526935  0.33605
0.526767  0.336142
0.526599  0.336234
0.526431  0.336326
0.526262  0.336418
0.526094  0.33651
0.525925  0.336603
0.525756  0.336695
0.525587  0.336787
0.525417  0.336879
0.525248  0.336972
0.525078  0.337064
0.524909  0.337156
0.524739  0.337248
0.524568  0.337341
0.524398  0.337433
0.524227  0.337525
0.524057  0.337618
0.523886  0.33771
0.523715  0.337802
0.523544  0.337895
0.523372  0.337987
0.5232  0.33808
0.523028  0.338172
0.522855  0.338265
0.522682  0.338357
0.52251  0.33845
0.522337  0.338542
0.522164  0.338635
0.521991  0.338728
0.521818  0.33882
0.521644  0.338912
0.521471  0.339005
0.521297  0.339097
0.521123  0.33919
0.520949  0.339282
0.520775  0.339375
0.5206  0.339467
0.520425  0.33956
0.52025  0.339652
0.520075  0.339745
0.5199  0.339837
0.519725  0.33993
0.51955  0.340022
0.519374  0.340114
0.519199  0.340206
0.519023  0.340299
0.518848  0.340391
0.518672  0.340483
0.518496  0.340575
0.51832  0.340667
0.518144  0.340758
0.517968  0.34085
0.517792  0.340942
0.517616  0.341033
0.51744  0.341125
0.517263  0.341217
0.517086  0.341308
0.516909  0.3414
0.516732  0.341491
0.516556  0.341583
0.516379  0.341674
0.516202  0.341765
0.516025  0.341856
0.515848  0.341947
0.515671  0.342038
0.515494  0.342128
0.515317  0.342219
0.51514  0.342309
0.514963  0.3424
0.514786  0.34249
0.514609  0.34258
0.514432  0.342669
0.514255  0.342759
0.514079  0.342849
0.513902  0.342938
0.513725  0.343027
0.513547  0.343117
0.51337  0.343206
0.513193  0.343295
0.513016  0.343383
0.512839  0.343472
0.512662  0.34356
0.512485  0.343648
0.512308  0.343736
0.512131  0.343824
0.511955  0.343912
0.511778  0.343999
0.511602  0.344086
0.511425  0.344173
0.511249  0.344259
0.511073  0.344346
0.510897  0.344432
0.510721  0.344518
0.510545  0.344603
0.510369  0.344689
0.510193  0.344774
0.510018  0.344859
0.509842  0.344943
0.509667  0.345028
0.509492  0.345112
0.509317  0.345196
0.509142  0.345279
0.508967  0.345362
0.508792  0.345445
0.508617  0.345528
0.508442  0.34561
0.508268  0.345692
0.508094  0.345774
0.50792  0.345855
0.507747  0.345936
0.507573  0.346017
0.5074  0.346097
0.507227  0.346177
0.507054  0.346256
0.506881  0.346336
0.506708  0.346415
0.506535  0.346493
0.506363  0.346572
0.506191  0.346649
0.506019  0.346727
0.505848  0.346804
0.505676  0.346881
0.505505  0.346957
0.505333  0.347033
0.505162  0.347109
0.504991  0.347184
0.50482  0.34726
0.504649  0.347334
0.504478  0.347409
0.504307  0.347483
0.504137  0.347556
0.503966  0.34763
0.503796  0.347703
0.503625  0.347775
0.503455  0.347848
0.503285  0.34792
0.503115  0.347991
0.502945  0.348062
0.502775  0.348133
0.502606  0.348204
0.502436  0.348274
0.502267  0.348344
0.502097  0.348413
0.501928  0.348482
0.501759  0.348551
0.501589  0.34862
0.50142  0.348688
0.50125  0.348756
0.501081  0.348823
0.500912  0.34889
0.500743  0.348957
0.500574  0.349023
0.500405  0.349089
0.500236  0.349155
0.500067  0.34922
0.499898  0.349285
0.49973  0.34935
0.499561  0.349414
0.499393  0.349478
0.499225  0.349541
0.499057  0.349604
0.498889  0.349667
0.498721  0.349729
0.498553  0.349791
0.498385  0.349853
0.498218  0.349914
0.498051  0.349975
0.497883  0.350036
0.497716  0.350096
0.497549  0.350156
0.497382  0.350215
0.497215  0.350274
0.497048  0.350333
0.496881  0.350391
0.496715  0.350449
0.496548  0.350507
0.496382  0.350564
0.496216  0.350621
0.49605  0.350677
0.495884  0.350734
0.495718  0.350789
0.495551  0.350845
0.495385  0.3509
0.495219  0.350955
0.495053  0.35101
0.494887  0.351064
0.494721  0.351118
0.494555  0.351172
0.494389  0.351225
0.494223  0.351278
0.494057  0.351331
0.493891  0.351383
0.493725  0.351435
0.49356  0.351487
0.493394  0.351538
0.493229  0.351589
0.493063  0.351639
0.492898  0.35169
0.492733  0.35174
0.492568  0.351789
0.492403  0.351838
0.492239  0.351887
0.492074  0.351936
0.49191  0.351984
0.491746  0.352031
0.491582  0.352079
0.491418  0.352126
0.491254  0.352173
0.49109  0.352219
0.490927  0.352265
0.490763  0.352311
0.490599  0.352357
0.490436  0.352402
0.490272  0.352447
0.490109  0.352491
0.489946  0.352535
0.489783  0.352579
0.48962  0.352623
0.489457  0.352666
0.489295  0.352709
0.489132  0.352751
0.488969  0.352794
0.488807  0.352836
0.488644  0.352877
0.488482  0.352919
0.488319  0.35296
0.488157  0.353
0.487996  0.353041
0.487834  0.353081
0.487672  0.353121
0.48751  0.35316
0.487348  0.353199
0.487186  0.353238
0.487025  0.353277
0.486863  0.353315
0.486702  0.353353
0.486541  0.35339
0.48638  0.353428
0.486219  0.353465
0.486058  0.353501
0.485897  0.353538
0.485736  0.353574
0.485575  0.35361
0.485414  0.353645
0.485253  0.353681
0.485092  0.353715
0.484932  0.35375
0.484772  0.353784
0.484611  0.353818
0.484451  0.353852
0.484291  0.353885
0.484132  0.353918
0.483972  0.353951
0.483812  0.353983
0.483652  0.354016
0.483493  0.354047
0.483333  0.354079
0.483173  0.35411
0.483014  0.354141
0.482854  0.354172
0.482695  0.354202
0.482535  0.354232
0.482376  0.354262
0.482217  0.354291
0.482058  0.354321
0.481899  0.354349
0.48174  0.354378
0.48158  0.354406
0.481421  0.354434
0.481262  0.354462
0.481103  0.354489
0.480944  0.354516
0.480786  0.354543
0.480627  0.354569
0.480469  0.354596
0.48031  0.354621
0.480152  0.354647
0.479994  0.354672
0.479835  0.354697
0.479677  0.354721
0.479519  0.354745
0.47936  0.354769
0.479202  0.354793
0.479044  0.354816
0.478885  0.354839
0.478727  0.354862
0.478569  0.354884
0.478411  0.354906
0.478253  0.354928
0.478095  0.354949
0.477937  0.35497
0.477779  0.354991
0.477621  0.355011
0.477463  0.355031
0.477305  0.355051
0.477147  0.35507
0.476989  0.355089
0.476831  0.355108
0.476674  0.355127
0.476516  0.355145
0.476358  0.355162
0.4762  0.35518
0.476042  0.355197
0.475884  0.355214
0.475726  0.35523
0.475568  0.355246
0.475411  0.355262
0.475253  0.355277
0.475096  0.355292
0.474938  0.355307
0.474781  0.355321
0.474623  0.355335
0.474466  0.355349
0.474309  0.355362
0.474151  0.355375
0.473994  0.355388
0.473836  0.3554
0.473679  0.355412
0.473521  0.355423
0.473364  0.355435
0.473207  0.355446
0.47305  0.355456
0.472892  0.355466
0.472735  0.355476
0.472578  0.355486
0.472421  0.355495
0.472264  0.355504
0.472107  0.355512
0.47195  0.35552
0.471794  0.355528
0.471637  0.355535
0.47148  0.355542
0.471324  0.355549
0.471167  0.355556
0.471011  0.355562
0.470854  0.355567
0.470697  0.355573
0.47054  0.355578
0.470384  0.355582
0.470227  0.355587
0.470071  0.355591
0.469914  0.355594
0.469758  0.355598
0.469601  0.355601
0.469445  0.355603
0.469289  0.355606
0.469133  0.355608
0.468977  0.355609
0.46882  0.35561
0.468665  0.355611
0.468509  0.355612
0.468353  0.355612
0.468197  0.355612
0.468042  0.355612
0.467886  0.355611
0.46773  0.35561
0.467574  0.355608
0.467418  0.355606
0.467262  0.355604
0.467107  0.355602
0.466951  0.355599
0.466796  0.355596
0.46664  0.355592
0.466485  0.355588
0.466329  0.355584
0.466174  0.35558
0.466019  0.355575
0.465864  0.355569
0.465709  0.355564
0.465554  0.355558
0.465399  0.355552
0.465244  0.355545
0.465089  0.355538
0.464934  0.355531
0.464779  0.355523
0.464624  0.355515
0.464469  0.355507
0.464315  0.355498
0.46416  0.355489
0.464006  0.355479
0.463852  0.355469
0.463698  0.355459
0.463543  0.355449
0.463389  0.355438
0.463235  0.355427
0.463081  0.355415
0.462927  0.355403
0.462773  0.355391
0.462619  0.355378
0.462465  0.355365
0.462311  0.355352
0.462157  0.355338
0.462003  0.355324
0.461849  0.355309
0.461695  0.355294
0.461541  0.355279
0.461388  0.355263
0.461234  0.355247
0.461081  0.355231
0.460928  0.355214
0.460775  0.355197
0.460622  0.35518
0.460469  0.355162
0.460316  0.355144
0.460163  0.355125
0.460011  0.355106
0.459859  0.355087
0.459706  0.355067
0.459554  0.355047
0.459402  0.355027
0.45925  0.355006
0.459099  0.354985
0.458947  0.354964
0.458796  0.354942
0.458645  0.35492
0.458494  0.354897
0.458343  0.354874
0.458192  0.354851
0.458041  0.354827
0.457891  0.354803
0.45774  0.354779
0.45759  0.354754
0.45744  0.354729
0.45729  0.354704
0.457141  0.354678
0.456991  0.354652
0.456842  0.354625
0.456693  0.354598
0.456544  0.354571
0.456395  0.354544
0.456246  0.354516
0.456098  0.354487
0.45595  0.354459
0.455802  0.35443
0.455654  0.354401
0.455506  0.354371
0.455359  0.354341
0.455211  0.354311
0.455064  0.35428
0.454917  0.354249
0.45477  0.354217
0.454623  0.354186
0.454476  0.354154
0.454329  0.354121
0.454183  0.354088
0.454037  0.354055
0.453891  0.354022
0.453745  0.353988
0.4536  0.353954
0.453455  0.35392
0.45331  0.353885
0.453165  0.35385
0.45302  0.353815
0.452876  0.353779
0.452732  0.353743
0.452588  0.353707
0.452444  0.35367
0.4523  0.353633
0.452156  0.353596
0.452013  0.353558
0.45187  0.35352
0.451728  0.353482
0.451585  0.353444
0.451443  0.353405
0.451301  0.353366
0.451159  0.353326
0.451018  0.353287
0.450876  0.353247
0.450736  0.353207
0.450595  0.353166
0.450454  0.353125
0.450314  0.353084
0.450173  0.353043
0.450033  0.353001
0.449893  0.352959
0.449754  0.352917
0.449615  0.352875
0.449476  0.352832
0.449337  0.352789
0.449199  0.352746
0.449061  0.352702
0.448923  0.352659
0.448785  0.352615
0.448648  0.35257
0.448511  0.352526
0.448374  0.352481
0.448238  0.352436
0.448102  0.352391
0.447966  0.352346
0.44783  0.3523
0.447695  0.352254
0.44756  0.352208
0.447425  0.352162
0.447291  0.352116
0.447156  0.352069
0.447022  0.352022
0.446888  0.351975
0.446754  0.351927
0.446621  0.351879
0.446488  0.351831
0.446355  0.351783
0.446222  0.351735
0.44609  0.351687
0.445957  0.351638
0.445825  0.351589
0.445693  0.35154
0.445562  0.35149
0.44543  0.351441
0.445299  0.351391
0.445168  0.351341
0.445037  0.351291
0.444907  0.351241
0.444777  0.35119
0.444647  0.351139
0.444517  0.351088
0.444388  0.351037
0.444259  0.350986
0.44413  0.350935
0.444002  0.350883
0.443874  0.350831
0.443745  0.350779
0.443617  0.350727
0.443489  0.350675
0.443362  0.350622
0.443234  0.350569
0.443107  0.350516
0.442981  0.350463
0.442854  0.35041
0.442728  0.350357
0.442602  0.350303
0.442476  0.350249
0.442351  0.350195
0.442225  0.350141
0.4421  0.350087
0.441976  0.350033
0.441851  0.349978
0.441727  0.349924
0.441603  0.349869
0.44148  0.349814
0.441356  0.349758
0.441233  0.349703
0.441111  0.349648
0.440988  0.349592
0.440866  0.349536
0.440744  0.34948
0.440622  0.349424
0.4405  0.349367
0.440378  0.349311
0.440257  0.349254
0.440136  0.349197
0.440015  0.34914
0.439895  0.349082
0.439774  0.349025
0.439654  0.348967
0.439534  0.348909
0.439415  0.348851
0.439295  0.348793
0.439176  0.348734
0.439057  0.348676
0.438938  0.348617
0.43882  0.348558
0.438702  0.348498
0.438584  0.348439
0.438466  0.348379
0.438349  0.348319
0.438232  0.34826
0.438115  0.348199
0.437999  0.348139
0.437883  0.348078
0.437767  0.348018
0.437651  0.347957
0.437535  0.347895
0.43742  0.347834
0.437305  0.347772
0.43719  0.34771
0.437075  0.347648
0.436961  0.347586
0.436847  0.347523
0.436733  0.34746
0.43662  0.347397
0.436507  0.347334
0.436394  0.347271
0.436282  0.347207
0.43617  0.347143
0.436058  0.347079
0.435946  0.347015
0.435835  0.346951
0.435724  0.346886
0.435613  0.346821
0.435503  0.346756
0.435392  0.34669
0.435283  0.346625
0.435173  0.346559
0.435064  0.346493
0.434955  0.346426
0.434847  0.34636
0.434738  0.346293
0.43463  0.346226
0.434523  0.346158
0.434415  0.346091
0.434308  0.346023
0.434201  0.345954
0.434094  0.345886
0.433988  0.345817
0.433882  0.345748
0.433776  0.345678
0.43367  0.345609
0.433565  0.345539
0.43346  0.345469
0.433356  0.345398
0.433251  0.345327
0.433147  0.345256
0.433043  0.345184
0.432939  0.345112
0.432836  0.34504
0.432733  0.344968
0.432631  0.344895
0.432528  0.344822
0.432426  0.344749
0.432325  0.344675
0.432223  0.344601
0.432122  0.344527
0.432022  0.344452
0.431921  0.344378
0.431821  0.344302
0.431721  0.344227
0.431621  0.344151
0.431522  0.344074
0.431423  0.343997
0.431324  0.34392
0.431226  0.343843
0.431128  0.343765
0.43103  0.343687
0.430933  0.343609
0.430835  0.34353
0.430739  0.343451
0.430642  0.343371
0.430546  0.343291
0.430451  0.343211
0.430355  0.343131
0.43026  0.34305
0.430165  0.342968
0.430071  0.342887
0.429977  0.342805
0.429883  0.342722
0.42979  0.34264
0.429697  0.342557
0.429604  0.342473
0.429512  0.342389
0.42942  0.342305
0.429328  0.342221
0.429237  0.342136
0.429146  0.34205
0.429055  0.341965
0.428965  0.341878
0.428875  0.341792
0.428786  0.341705
0.428696  0.341618
0.428607  0.34153
0.428519  0.341442
0.428431  0.341354
0.428343  0.341265
0.428255  0.341176
0.428168  0.341086
0.428081  0.340996
0.427995  0.340906
0.427909  0.340815
0.427823  0.340724
0.427737  0.340632
0.427652  0.34054
0.427568  0.340448
0.427483  0.340355
0.427399  0.340262
0.427315  0.340169
0.427232  0.340075
0.427149  0.33998
0.427066  0.339885
0.426983  0.33979
0.426901  0.339694
0.426819  0.339598
0.426737  0.339501
0.426656  0.339404
0.426575  0.339307
0.426495  0.339209
0.426414  0.339111
0.426334  0.339012
0.426255  0.338914
0.426176  0.338814
0.426097  0.338714
0.426018  0.338614
0.42594  0.338514
0.425862  0.338413
0.425785  0.338312
0.425708  0.33821
0.425631  0.338108
0.425555  0.338005
0.425478  0.337903
0.425403  0.337799
0.425327  0.337696
0.425252  0.337592
0.425177  0.337487
0.425102  0.337382
0.425028  0.337277
0.424954  0.337171
0.42488  0.337064
0.424807  0.336958
0.424734  0.336851
0.424661  0.336744
0.424589  0.336636
0.424516  0.336528
0.424444  0.336419
0.424373  0.33631
0.424301  0.3362
0.42423  0.33609
0.42416  0.33598
0.424089  0.335869
0.424019  0.335758
0.423949  0.335647
0.42388  0.335535
0.423811  0.335423
0.423742  0.335311
0.423673  0.335198
0.423605  0.335085
0.423537  0.334971
0.423469  0.334857
0.423402  0.334743
0.423335  0.334629
0.423268  0.334514
0.423202  0.334399
0.423136  0.334283
0.42307  0.334167
0.423004  0.33405
0.422939  0.333934
0.422873  0.333816
0.422808  0.333699
0.422744  0.333581
0.42268  0.333463
0.422616  0.333344
0.422552  0.333225
0.422488  0.333106
0.422425  0.332987
0.422362  0.332867
0.4223  0.332747
0.422237  0.332626
0.422175  0.332506
0.422113  0.332385
0.422052  0.332263
0.421991  0.332142
0.42193  0.33202
0.421869  0.331898
0.421809  0.331775
0.421748  0.331653
0.421688  0.33153
0.421629  0.331406
0.421569  0.331283
0.42151  0.331159
0.421452  0.331035
0.421393  0.33091
0.421335  0.330786
0.421277  0.330661
0.421219  0.330535
0.421161  0.33041
0.421104  0.330283
0.421046  0.330157
0.420989  0.33003
0.420933  0.329903
0.420876  0.329776
0.42082  0.329649
0.420764  0.329521
0.420709  0.329394
0.420653  0.329266
0.420598  0.329137
0.420543  0.329009
0.420489  0.32888
0.420434  0.328751
0.42038  0.328622
0.420326  0.328492
0.420272  0.328363
0.420219  0.328233
0.420166  0.328103
0.420113  0.327973
0.42006  0.327842
0.420008  0.327711
0.419956  0.327581
0.419904  0.327449
0.419852  0.327318
0.419801  0.327187
0.419749  0.327055
0.419698  0.326923
0.419648  0.326791
0.419597  0.326659
0.419547  0.326526
0.419497  0.326394
0.419447  0.326261
0.419397  0.326128
0.419348  0.325995
0.419299  0.325862
0.41925  0.325728
0.419201  0.325594
0.419152  0.325461
0.419104  0.325327
0.419056  0.325192
0.419008  0.325058
0.41896  0.324924
0.418913  0.324789
0.418865  0.324654
0.418818  0.324519
0.418771  0.324385
0.418725  0.32425
0.418679  0.324115
0.418632  0.32398
0.418587  0.323845
0.418541  0.323709
0.418495  0.323574
0.41845  0.323438
0.418405  0.323302
0.41836  0.323166
0.418315  0.323029
0.41827  0.322892
0.418225  0.322756
0.418181  0.322619
0.418137  0.322482
0.418093  0.322345
0.418049  0.322207
0.418005  0.32207
0.417962  0.321933
0.417919  0.321795
0.417876  0.321658
0.417833  0.32152
0.41779  0.321383
0.417748  0.321245
0.417706  0.321108
0.417664  0.32097
0.417622  0.320832
0.41758  0.320694
0.417538  0.320556
0.417497  0.320417
0.417456  0.320279
0.417415  0.32014
0.417374  0.320002
0.417333  0.319863
0.417292  0.319724
0.417252  0.319586
0.417212  0.319446
0.417171  0.319307
0.417131  0.319168
0.417091  0.319028
0.417051  0.318888
0.417012  0.318748
0.416972  0.318608
0.416933  0.318468
0.416894  0.318328
0.416855  0.318187
0.416816  0.318047
0.416777  0.317906
0.416738  0.317765
0.416699  0.317624
0.416661  0.317483
0.416623  0.317342
0.416584  0.3172
0.416546  0.317059
0.416508  0.316917
0.41647  0.316775
0.416433  0.316634
0.416395  0.316492
0.416358  0.31635
0.416321  0.316208
0.416283  0.316066
0.416246  0.315924
0.416209  0.315781
0.416173  0.315638
0.416136  0.315496
0.416099  0.315353
0.416063  0.315209
0.416026  0.315066
0.41599  0.314923
0.415954  0.31478
0.415918  0.314636
0.415882  0.314493
0.415846  0.314349
0.41581  0.314205
0.415775  0.314062
0.415739  0.313918
0.415704  0.313774
0.415669  0.31363
0.415634  0.313486
0.415599  0.313342
0.415564  0.313197
0.415529  0.313053
0.415495  0.312909
0.41546  0.312764
0.415426  0.31262
0.415391  0.312475
0.415357  0.31233
0.415323  0.312186
0.415289  0.312041
0.415255  0.311896
0.415221  0.311751
0.415187  0.311606
0.415154  0.311461
0.41512  0.311316
0.415087  0.31117
0.415054  0.311025
0.41502  0.31088
0.414987  0.310734
0.414954  0.310589
0.414921  0.310443
0.414889  0.310298
0.414856  0.310152
0.414823  0.310006
0.414791  0.309861
0.414758  0.309715
0.414726  0.309569
0.414694  0.309424
0.414661  0.309278
0.414629  0.309132
0.414597  0.308986
0.414565  0.30884
0.414534  0.308694
0.414502  0.308548
0.41447  0.308402
0.414439  0.308257
0.414407  0.308111
0.414376  0.307965
0.414344  0.307819
0.414313  0.307673
0.414282  0.307527
0.414251  0.307381
0.41422  0.307235
0.414189  0.307089
0.414158  0.306943
0.414127  0.306797
0.414097  0.306651
0.414066  0.306506
0.414036  0.30636
0.414005  0.306214
0.413975  0.306068
0.413944  0.305923
0.413914  0.305777
0.413884  0.305631
0.413854  0.305485
0.413824  0.30534
0.413794  0.305194
0.413764  0.305048
0.413734  0.304902
0.413704  0.304756
0.413675  0.30461
0.413645  0.304465
0.413615  0.304319
0.413586  0.304173
0.413556  0.304028
0.413527  0.303883
0.413498  0.303737
0.413469  0.303592
0.413439  0.303447
0.41341  0.303302
0.413381  0.303157
0.413352  0.303012
0.413324  0.302867
0.413295  0.302722
0.413266  0.302578
0.413237  0.302433
0.413209  0.302288
0.41318  0.302144
0.413152  0.302
0.413123  0.301855
0.413095  0.30171
0.413066  0.301566
0.413038  0.301421
0.41301  0.301277
0.412981  0.301133
0.412953  0.300989
0.412925  0.300845
0.412897  0.300702
0.412869  0.300558
0.412841  0.300415
0.412813  0.300272
0.412786  0.300129
0.412758  0.299986
0.41273  0.299843
0.412703  0.299701
0.412675  0.299558
0.412648  0.299416
0.41262  0.299273
0.412593  0.299131
0.412565  0.298989
0.412538  0.298847
0.41251  0.298705
0.412483  0.298563
0.412456  0.298421
0.412429  0.29828
0.412401  0.298139
0.412374  0.297997
0.412347  0.297856
0.41232  0.297715
0.412293  0.297574
0.412266  0.297433
0.412239  0.297292
0.412212  0.297151
0.412185  0.297011
0.412158  0.296871
0.412131  0.29673
0.412104  0.296591
0.412077  0.296451
0.412051  0.296311
0.412024  0.296172
0.411997  0.296033
0.41197  0.295894
0.411944  0.295755
0.411917  0.295616
0.41189  0.295477
0.411864  0.295338
0.411837  0.2952
0.41181  0.295061
0.411784  0.294923
0.411757  0.294784
0.41173  0.294646
0.411704  0.294508
0.411677  0.29437
0.411651  0.294232
0.411624  0.294095
0.411597  0.293957
0.411571  0.293819
0.411544  0.293682
0.411517  0.293545
0.411491  0.293408
0.411464  0.29327
0.411438  0.293133
0.411411  0.292996
0.411384  0.29286
0.411358  0.292723
0.411331  0.292586
0.411304  0.29245
0.411277  0.292313
0.411251  0.292177
0.411224  0.292041
0.411197  0.291905
0.41117  0.291769
0.411144  0.291633
0.411117  0.291497
0.41109  0.291361
0.411063  0.291225
0.411036  0.29109
0.411009  0.290954
0.410982  0.290819
0.410956  0.290683
0.410928  0.290547
0.410901  0.290411
0.410874  0.290276
0.410847  0.29014
0.41082  0.290005
0.410793  0.28987
0.410766  0.289734
0.410739  0.289599
0.410711  0.289464
0.410684  0.289329
0.410657  0.289194
0.410629  0.289059
0.410602  0.288924
0.410575  0.288789
0.410547  0.288654
0.41052  0.288519
0.410493  0.288385
0.410465  0.28825
0.410438  0.288115
0.41041  0.28798
0.410383  0.287845
0.410355  0.28771
0.410327  0.287575
0.4103  0.28744
0.410272  0.287306
0.410244  0.287171
0.410217  0.287036
0.410189  0.286901
0.410161  0.286767
0.410133  0.286632
0.410105  0.286497
0.410078  0.286363
0.41005  0.286228
0.410022  0.286093
0.409994  0.285959
0.409966  0.285824
0.409938  0.28569
0.40991  0.285555
0.409882  0.28542
0.409854  0.285286
0.409826  0.285151
0.409798  0.285017
0.40977  0.284882
0.409742  0.284748
0.409714  0.284613
0.409686  0.284479
0.409658  0.284344
0.409629  0.28421
0.409601  0.284075
0.409573  0.28394
0.409545  0.283806
0.409516  0.283671
0.409488  0.283537
0.40946  0.283402
0.409432  0.283268
0.409403  0.283133
0.409375  0.282998
0.409346  0.282864
0.409318  0.282729
0.40929  0.282595
0.409261  0.28246
0.409233  0.282325
0.409204  0.282191
0.409176  0.282056
0.409147  0.281921
0.409118  0.281786
0.40909  0.28165
0.409061  0.281515
0.409032  0.28138
0.409004  0.281244
0.408975  0.281109
0.408946  0.280974
0.408917  0.280838
0.408888  0.280703
0.40886  0.280567
0.408831  0.280431
0.408802  0.280296
0.408773  0.28016
0.408744  0.280025
0.408715  0.279889
0.408686  0.279754
0.408657  0.279618
0.408628  0.279482
0.408599  0.279347
0.40857  0.279211
0.408541  0.279074
0.408512  0.278938
0.408483  0.278802
0.408454  0.278665
0.408425  0.278529
0.408395  0.278392
0.408366  0.278255
0.408337  0.278118
0.408308  0.277981
0.408279  0.277844
0.408249  0.277707
0.40822  0.27757
0.408191  0.277433
0.408161  0.277295
0.408132  0.277158
0.408103  0.277021
0.408074  0.276884
0.408044  0.276746
0.408015  0.276609
0.407986  0.276471
0.407956  0.276334
0.407927  0.276196
0.407898  0.276059
0.407869  0.275921
0.407839  0.275783
0.40781  0.275644
0.40778  0.275506
0.407751  0.275368
0.407721  0.275229
0.407692  0.27509
0.407662  0.274951
0.407633  0.274812
0.407603  0.274673
0.407574  0.274534
0.407544  0.274395
0.407515  0.274256
0.407485  0.274116
0.407456  0.273977
0.407426  0.273837
0.407397  0.273698
0.407367  0.273558
0.407338  0.273417
0.407308  0.273277
0.407279  0.273137
0.407249  0.272997
0.407219  0.272856
0.40719  0.272716
0.40716  0.272575
0.407131  0.272435
0.407101  0.272294
0.407072  0.272153
0.407042  0.272012
0.407013  0.271871
0.406983  0.27173
0.406954  0.271589
0.406924  0.271448
0.406895  0.271307
0.406865  0.271166
0.406836  0.271024
0.406806  0.270883
0.406777  0.270741
0.406747  0.2706
0.406718  0.270458
0.406688  0.270316
0.406658  0.270174
0.406629  0.270032
0.406599  0.269889
0.40657  0.269746
0.40654  0.269604
0.40651  0.269461
0.406481  0.269318
0.406451  0.269175
0.406421  0.269032
0.406392  0.268889
0.406362  0.268746
0.406333  0.268603
0.406303  0.268459
0.406273  0.268316
0.406244  0.268172
0.406214  0.268028
0.406184  0.267885
0.406154  0.267741
0.406125  0.267597
0.406095  0.267453
0.406065  0.267309
0.406035  0.267164
0.406006  0.267019
0.405976  0.266874
0.405946  0.26673
0.405916  0.266585
0.405886  0.26644
0.405856  0.266295
0.405826  0.266149
0.405796  0.266004
0.405766  0.265859
0.405736  0.265713
0.405706  0.265568
0.405676  0.265422
0.405646  0.265276
0.405616  0.26513
0.405586  0.264984
0.405556  0.264837
0.405526  0.264691
0.405495  0.264544
0.405465  0.264397
0.405435  0.264251
0.405405  0.264104
0.405375  0.263957
0.405345  0.26381
0.405314  0.263663
0.405284  0.263516
0.405254  0.263368
0.405224  0.263221
0.405194  0.263074
0.405164  0.262926
0.405133  0.262779
0.405103  0.262631
0.405073  0.262483
0.405043  0.262335
0.405013  0.262187
0.404983  0.26204
0.404953  0.261892
0.404923  0.261743
0.404893  0.261595
0.404863  0.261447
0.404834  0.261299
0.404804  0.26115
0.404774  0.261002
0.404744  0.260853
0.404715  0.260705
0.404685  0.260556
0.404655  0.260408
0.404626  0.260259
0.404597  0.26011
0.404567  0.259962
0.404538  0.259813
0.404509  0.259664
0.404479  0.259515
0.40445  0.259366
0.404421  0.259217
0.404392  0.259068
0.404364  0.258919
0.404335  0.25877
0.404306  0.258621
0.404277  0.258472
0.404249  0.258323
0.404221  0.258174
0.404192  0.258024
0.404164  0.257875
0.404136  0.257726
0.404108  0.257577
0.40408  0.257428
0.404052  0.257279
0.404024  0.25713
0.403996  0.256981
0.403969  0.256832
0.403941  0.256683
0.403914  0.256534
0.403886  0.256385
0.403859  0.256236
0.403832  0.256087
0.403805  0.255937
0.403778  0.255788
0.403751  0.255639
0.403724  0.25549
0.403697  0.255341
0.40367  0.255192
0.403644  0.255043
0.403617  0.254894
0.403591  0.254745
0.403565  0.254597
0.403538  0.254448
0.403512  0.254299
0.403486  0.254151
0.40346  0.254003
0.403434  0.253855
0.403409  0.253706
0.403383  0.253558
0.403357  0.25341
0.403332  0.253263
0.403306  0.253115
0.403281  0.252967
0.403255  0.25282
0.40323  0.252673
0.403205  0.252525
0.40318  0.252377
0.403154  0.25223
0.403129  0.252083
0.403104  0.251935
0.403079  0.251788
0.403055  0.251642
0.40303  0.251495
0.403005  0.251348
0.40298  0.251202
0.402956  0.251055
0.402931  0.250909
0.402906  0.250763
0.402882  0.250617
0.402857  0.250471
0.402833  0.250326
0.402809  0.250181
0.402784  0.250035
0.40276  0.24989
0.402736  0.249745
0.402711  0.2496
0.402687  0.249455
0.402663  0.24931
0.402639  0.249165
0.402615  0.249021
0.402591  0.248876
0.402566  0.248732
0.402542  0.248588
0.402518  0.248444
0.402494  0.248301
0.40247  0.248157
0.402447  0.248014
0.402423  0.247871
0.402399  0.247728
0.402375  0.247585
0.402351  0.247442
0.402327  0.2473
0.402303  0.247158
0.40228  0.247016
0.402256  0.246874
0.402232  0.246732
0.402208  0.24659
0.402184  0.246448
0.40216  0.246306
0.402137  0.246165
0.402113  0.246024
0.402089  0.245883
0.402065  0.245742
0.402042  0.245601
0.402018  0.245461
0.401994  0.24532
0.40197  0.24518
0.401947  0.24504
0.401923  0.244901
0.401899  0.244761
0.401875  0.244621
0.401852  0.244481
0.401828  0.244342
0.401804  0.244202
0.40178  0.244063
0.401757  0.243924
0.401733  0.243786
0.401709  0.243647
0.401685  0.243508
0.401661  0.24337
0.401638  0.243232
0.401614  0.243094
0.40159  0.242956
0.401566  0.242819
0.401542  0.242681
0.401519  0.242544
0.401495  0.242407
0.401471  0.24227
0.401447  0.242133
0.401423  0.241996
0.401399  0.241859
0.401375  0.241723
0.401351  0.241586
0.401327  0.24145
0.401303  0.241313
0.401279  0.241177
0.401255  0.24104
0.401231  0.240904
0.401206  0.240767
0.401182  0.240631
0.401158  0.240495
0.401134  0.24036
0.40111  0.240224
0.401085  0.240088
0.401061  0.239953
0.401037  0.239818
0.401012  0.239683
0.400988  0.239548
0.400964  0.239413
0.400939  0.239278
0.400915  0.239143
0.40089  0.239008
0.400866  0.238873
0.400841  0.238738
0.400816  0.238603
0.400792  0.238469
0.400767  0.238334
0.400742  0.2382
0.400718  0.238065
0.400693  0.237931
0.400668  0.237797
0.400643  0.237663
0.400618  0.237529
0.400594  0.237395
0.400569  0.237261
0.400544  0.237127
0.400519  0.236994
0.400494  0.23686
0.400469  0.236726
0.400444  0.236593
0.400419  0.236459
0.400393  0.236325
0.400368  0.236191
0.400343  0.236057
0.400318  0.235924
0.400292  0.23579
0.400267  0.235656
0.400242  0.235523
0.400216  0.235389
0.400191  0.235255
0.400166  0.235122
0.40014  0.234989
0.400115  0.234855
0.400089  0.234722
0.400064  0.234588
0.400038  0.234455
0.400013  0.234321
0.399987  0.234188
0.399961  0.234054
0.399936  0.233921
0.39991  0.233788
0.399884  0.233654
0.399859  0.233521
0.399833  0.233387
0.399807  0.233254
0.399781  0.233121
0.399755  0.232987
0.399729  0.232854
0.399703  0.23272
0.399678  0.232587
0.399652  0.232453
0.399626  0.23232
0.3996  0.232186
0.399574  0.232053
0.399548  0.231919
0.399522  0.231785
0.399495  0.231651
0.399469  0.231517
0.399443  0.231383
0.399417  0.231249
0.399391  0.231115
0.399364  0.230981
0.399338  0.230846
0.399312  0.230712
0.399286  0.230578
0.399259  0.230443
0.399233  0.230308
0.399206  0.230173
0.39918  0.230039
0.399154  0.229904
0.399127  0.229769
0.399101  0.229634
0.399074  0.229499
0.399048  0.229364
0.399021  0.229229
0.398995  0.229094
0.398969  0.228959
0.398942  0.228823
0.398916  0.228688
0.398889  0.228553
0.398863  0.228418
0.398836  0.228283
0.39881  0.228147
0.398783  0.228012
0.398757  0.227876
0.39873  0.227741
0.398704  0.227606
0.398678  0.22747
0.398651  0.227335
0.398625  0.227199
0.398598  0.227063
0.398572  0.226927
0.398545  0.226791
0.398519  0.226655
0.398492  0.226518
0.398466  0.226382
0.39844  0.226246
0.398413  0.22611
0.398387  0.225974
0.39836  0.225837
0.398334  0.225701
0.398308  0.225565
0.398281  0.225429
0.398255  0.225292
0.398228  0.225156
0.398202  0.225019
0.398176  0.224882
0.398149  0.224746
0.398123  0.22461
0.398097  0.224473
0.39807  0.224337
0.398044  0.224201
0.398018  0.224064
0.397991  0.223928
0.397965  0.223791
0.397939  0.223655
0.397913  0.223519
0.397886  0.223383
0.39786  0.223246
0.397834  0.22311
0.397808  0.222973
0.397782  0.222837
0.397755  0.2227
0.397729  0.222563
0.397703  0.222427
0.397677  0.22229
0.39765  0.222154
0.397624  0.222017
0.397598  0.221881
0.397572  0.221744
0.397546  0.221608
0.39752  0.221471
0.397494  0.221335
0.397468  0.221199
0.397442  0.221062
0.397416  0.220926
0.39739  0.22079
0.397364  0.220653
0.397338  0.220516
0.397312  0.22038
0.397286  0.220244
0.39726  0.220107
0.397234  0.219971
0.397208  0.219835
0.397182  0.219699
0.397156  0.219563
0.397131  0.219427
0.397105  0.219291
0.397079  0.219155
0.397054  0.219019
0.397028  0.218884
0.397003  0.218748
0.396977  0.218613
0.396952  0.218477
0.396927  0.218342
0.396901  0.218206
0.396876  0.218071
0.396851  0.217936
0.396826  0.217801
0.396801  0.217666
0.396776  0.217531
0.396751  0.217396
0.396726  0.217261
0.396701  0.217126
0.396677  0.216992
0.396652  0.216857
0.396627  0.216723
0.396603  0.216589
0.396579  0.216454
0.396554  0.21632
0.39653  0.216186
0.396506  0.216051
0.396482  0.215917
0.396458  0.215782
0.396434  0.215648
0.39641  0.215514
0.396386  0.21538
0.396362  0.215246
0.396339  0.215112
0.396315  0.214978
0.396292  0.214845
0.396269  0.214711
0.396246  0.214578
0.396223  0.214444
0.3962  0.214311
0.396177  0.214177
0.396154  0.214044
0.396131  0.21391
0.396109  0.213777
0.396086  0.213643
0.396064  0.21351
0.396041  0.213376
0.396019  0.213242
0.395997  0.213109
0.395975  0.212976
0.395953  0.212842
0.395932  0.212709
0.39591  0.212576
0.395889  0.212443
0.395867  0.21231
0.395846  0.212177
0.395825  0.212044
0.395804  0.211911
0.395783  0.211778
0.395763  0.211646
0.395742  0.211513
0.395722  0.211381
0.395701  0.211248
0.395681  0.211116
0.395661  0.210983
0.395641  0.21085
0.395621  0.210718
0.395601  0.210586
0.395582  0.210453
0.395563  0.210321
0.395543  0.210189
0.395524  0.210057
0.395505  0.209925
0.395486  0.209793
0.395468  0.209661
0.395449  0.209529
0.395431  0.209398
0.395412  0.209266
0.395394  0.209134
0.395376  0.209002
0.395358  0.20887
0.395341  0.208738
0.395323  0.208606
0.395305  0.208474
0.395288  0.208342
0.395271  0.20821
0.395254  0.208078
0.395237  0.207945
0.39522  0.207813
0.395203  0.207681
0.395187  0.207549
0.395171  0.207418
0.395154  0.207286
0.395138  0.207154
0.395122  0.207021
0.395107  0.206889
0.395091  0.206757
0.395075  0.206624
0.39506  0.206492
0.395045  0.20636
0.395029  0.206227
0.395015  0.206095
0.395  0.205962
0.394985  0.20583
0.394971  0.205697
0.394956  0.205565
0.394942  0.205432
0.394928  0.2053
0.394914  0.205167
0.3949  0.205035
0.394886  0.204902
0.394873  0.204769
0.394859  0.204636
0.394846  0.204502
0.394833  0.204369
0.39482  0.204236
0.394807  0.204103
0.394795  0.20397
0.394782  0.203836
0.39477  0.203703
0.394758  0.20357
0.394746  0.203436
0.394734  0.203303
0.394722  0.20317
0.39471  0.203036
0.394699  0.202902
0.394688  0.202769
0.394677  0.202635
0.394666  0.202501
0.394655  0.202368
0.394644  0.202234
0.394634  0.2021
0.394624  0.201966
0.394614  0.201832
0.394604  0.201698
0.394594  0.201564
0.394584  0.20143
0.394575  0.201296
0.394565  0.201161
0.394556  0.201027
0.394547  0.200893
0.394538  0.200758
0.39453  0.200624
0.394521  0.200489
0.394513  0.200355
0.394505  0.20022
0.394497  0.200084
0.394489  0.199949
0.394481  0.199814
0.394474  0.199678
0.394466  0.199543
0.394459  0.199408
0.394452  0.199272
0.394445  0.199137
0.394439  0.199001
0.394432  0.198865
0.394426  0.19873
0.39442  0.198594
0.394414  0.198458
0.394408  0.198322
0.394402  0.198186
0.394397  0.19805
0.394391  0.197914
0.394386  0.197778
0.394381  0.197642
0.394376  0.197505
0.394371  0.197369
0.394367  0.197233
0.394362  0.197097
0.394358  0.19696
0.394354  0.196824
0.39435  0.196687
0.394346  0.196551
0.394343  0.196414
0.394339  0.196278
0.394336  0.196141
0.394333  0.196005
0.39433  0.195868
0.394327  0.195731
0.394324  0.195595
0.394321  0.195458
0.394319  0.195321
0.394317  0.195184
0.394315  0.195048
0.394313  0.194911
0.394311  0.194774
0.394309  0.194637
0.394307  0.194501
0.394306  0.194364
0.394305  0.194227
0.394304  0.19409
0.394303  0.193952
0.394302  0.193815
0.394301  0.193678
0.3943  0.19354
0.3943  0.193403
0.3943  0.193265
0.3943  0.193127
0.3943  0.19299
0.3943  0.192852
0.3943  0.192714
0.394301  0.192576
0.394301  0.192438
0.394302  0.192299
0.394303  0.192161
0.394304  0.192023
0.394305  0.191885
0.394306  0.191747
0.394308  0.191609
0.394309  0.191472
0.394311  0.191334
0.394313  0.191196
0.394315  0.191058
0.394317  0.19092
0.394319  0.190783
0.394322  0.190645
0.394324  0.190508
0.394327  0.19037
0.39433  0.190233
0.394333  0.190095
0.394336  0.189958
0.394339  0.189821
0.394343  0.189683
0.394346  0.189546
0.39435  0.189409
0.394354  0.189272
0.394358  0.189134
0.394362  0.188997
0.394366  0.18886
0.39437  0.188722
0.394375  0.188585
0.394379  0.188448
0.394384  0.188311
0.394389  0.188175
0.394394  0.188038
0.394399  0.187901
0.394404  0.187765
0.394409  0.187629
0.394415  0.187493
0.39442  0.187358
0.394426  0.187222
0.394431  0.187087
0.394437  0.186952
0.394443  0.186817
0.394449  0.186682
0.394455  0.186547
0.394462  0.186412
0.394468  0.186278
0.394475  0.186143
0.394481  0.186009
0.394488  0.185875
0.394495  0.185742
0.394501  0.185608
0.394508  0.185474
0.394515  0.185341
0.394522  0.185208
0.39453  0.185074
0.394537  0.184941
0.394544  0.184808
0.394552  0.184675
0.394559  0.184542
0.394567  0.18441
0.394575  0.184277
0.394583  0.184145
0.394591  0.184013
0.394599  0.183881
0.394607  0.183749
0.394615  0.183617
0.394623  0.183486
0.394631  0.183355
0.39464  0.183224
0.394648  0.183094
0.394656  0.182964
0.394665  0.182834
0.394673  0.182704
0.394682  0.182574
0.394691  0.182445
0.3947  0.182316
0.394708  0.182187
0.394717  0.182059
0.394726  0.18193
0.394735  0.181802
0.394744  0.181673
0.394753  0.181546
0.394763  0.181418
0.394772  0.18129
0.394781  0.181163
0.39479  0.181035
0.3948  0.180908
0.394809  0.180782
0.394819  0.180655
0.394828  0.180529
0.394837  0.180403
0.394847  0.180278
0.394857  0.180153
0.394866  0.180028
0.394876  0.179903
0.394885  0.179779
0.394895  0.179655
0.394905  0.179531
0.394914  0.179407
0.394924  0.179284
0.394934  0.179161
0.394943  0.179039
0.394953  0.178916
0.394963  0.178794
0.394972  0.178673
0.394982  0.178551
0.394992  0.17843
0.395002  0.178309
0.395011  0.178189
0.395021  0.178069
0.395031  0.177949
0.395041  0.177829
0.39505  0.17771
0.39506  0.177591
0.39507  0.177471
0.39508  0.177353
0.39509  0.177234
0.395099  0.177116
0.395109  0.176998
0.395119  0.17688
0.395129  0.176763
0.395138  0.176646
0.395148  0.176529
0.395158  0.176413
0.395168  0.176297
0.395177  0.176181
0.395187  0.176065
0.395197  0.17595
0.395206  0.175835
0.395216  0.175719
0.395226  0.175605
0.395236  0.17549
0.395245  0.175376
0.395255  0.175262
0.395265  0.175148
0.395274  0.175034
0.395284  0.174921
0.395294  0.174808
0.395303  0.174696
0.395313  0.174583
0.395323  0.174471
0.395332  0.174359
0.395342  0.174248
0.395351  0.174136
0.395361  0.174025
0.395371  0.173914
0.39538  0.173804
0.39539  0.173693
0.395399  0.173583
0.395409  0.173472
0.395419  0.173362
0.395428  0.173252
0.395438  0.173143
0.395447  0.173033
0.395457  0.172924
0.395466  0.172815
0.395476  0.172706
0.395485  0.172598
0.395495  0.17249
0.395504  0.172382
0.395513  0.172274
0.395523  0.172166
0.395532  0.172058
0.395541  0.171951
0.395551  0.171844
0.39556  0.171737
0.395569  0.17163
0.395579  0.171523
0.395588  0.171417
0.395597  0.17131
0.395606  0.171204
0.395615  0.171097
0.395624  0.170991
0.395634  0.170885
0.395643  0.17078
0.395652  0.170674
0.39566  0.170568
0.395669  0.170463
0.395678  0.170358
0.395687  0.170253
0.395696  0.170148
0.395705  0.170043
0.395713  0.169938
0.395722  0.169834
0.395731  0.16973
0.395739  0.169625
0.395748  0.169521
0.395756  0.169417
0.395765  0.169313
0.395773  0.169209
0.395781  0.169105
0.39579  0.169002
0.395798  0.168898
0.395806  0.168795
0.395814  0.168691
0.395822  0.168588
0.39583  0.168485
0.395838  0.168381
0.395846  0.168278
0.395854  0.168176
0.395862  0.168073
0.395869  0.16797
0.395877  0.167867
0.395885  0.167764
0.395892  0.167661
0.3959  0.167558
0.395907  0.167455
0.395915  0.167352
0.395922  0.167249
0.395929  0.167147
0.395936  0.167044
0.395944  0.166941
0.395951  0.166839
0.395958  0.166736
0.395965  0.166634
0.395972  0.166531
0.395978  0.166428
0.395985  0.166326
0.395992  0.166224
0.395999  0.166121
0.396005  0.166019
0.396012  0.165916
0.396018  0.165814
0.396025  0.165711
0.396031  0.165609
0.396038  0.165506
0.396044  0.165403
0.39605  0.1653
0.396056  0.165198
0.396063  0.165095
0.396069  0.164992
0.396075  0.164889
0.396081  0.164787
0.396087  0.164684
0.396092  0.164581
0.396098  0.164478
0.396104  0.164375
0.39611  0.164273
0.396115  0.16417
0.396121  0.164067
0.396127  0.163964
0.396132  0.163861
0.396138  0.163758
0.396143  0.163654
0.396148  0.163551
0.396154  0.163447
0.396159  0.163344
0.396164  0.16324
0.396169  0.163136
0.396174  0.163032
0.396179  0.162928
0.396184  0.162824
0.396189  0.162719
0.396194  0.162615
0.396199  0.162511
0.396204  0.162406
0.396209  0.162302
0.396213  0.162197
0.396218  0.162093
0.396223  0.161988
0.396227  0.161884
0.396232  0.161779
0.396236  0.161675
0.39624  0.16157
0.396245  0.161466
0.396249  0.161361
0.396253  0.161256
0.396257  0.161151
0.396261  0.161047
0.396265  0.160942
0.396269  0.160837
0.396273  0.160732
0.396277  0.160626
0.396281  0.160521
0.396284  0.160416
0.396288  0.160311
0.396292  0.160205
0.396295  0.1601
0.396299  0.159995
0.396302  0.159889
0.396305  0.159783
0.396309  0.159678
0.396312  0.159572
0.396315  0.159466
0.396318  0.159361
0.396321  0.159255
0.396324  0.159149
0.396327  0.159043
0.39633  0.158937
0.396333  0.158831
0.396336  0.158725
0.396339  0.158618
0.396341  0.158512
0.396344  0.158406
0.396346  0.1583
0.396349  0.158193
0.396351  0.158087
0.396354  0.15798
0.396356  0.157874
0.396358  0.157768
0.39636  0.157661
0.396362  0.157555
0.396364  0.157449
0.396366  0.157342
0.396368  0.157236
0.39637  0.157129
0.396372  0.157023
0.396374  0.156916
0.396376  0.156809
0.396377  0.156702
0.396379  0.156595
0.396381  0.156488
0.396382  0.156381
0.396384  0.156274
0.396385  0.156167
0.396386  0.156059
0.396388  0.155952
0.396389  0.155845
0.39639  0.155737
0.396391  0.15563
0.396392  0.155522
0.396393  0.155415
0.396395  0.155307
0.396396  0.1552
0.396396  0.155092
0.396397  0.154985
0.396398  0.154877
0.396399  0.15477
0.3964  0.154662
0.396401  0.154555
0.396401  0.154447
0.396402  0.154339
0.396402  0.154232
0.396403  0.154124
0.396404  0.154016
0.396404  0.153908
0.396404  0.1538
0.396405  0.153692
0.396405  0.153584
0.396406  0.153476
0.396406  0.153368
0.396406  0.15326
0.396406  0.153152
0.396407  0.153044
0.396407  0.152935
0.396407  0.152827
0.396407  0.152719
0.396407  0.15261
0.396407  0.152502
0.396407  0.152393
0.396407  0.152285
0.396407  0.152176
0.396407  0.152068
0.396407  0.151959
0.396407  0.15185
0.396406  0.151742
0.396406  0.151633
0.396406  0.151524
0.396406  0.151415
0.396405  0.151306
0.396405  0.151198
0.396405  0.151089
0.396404  0.15098
0.396404  0.150871
0.396403  0.150762
0.396403  0.150653
0.396402  0.150544
0.396402  0.150434
0.396401  0.150325
0.396401  0.150216
0.3964  0.150107
0.396399  0.149998
0.396399  0.149889
0.396398  0.14978
0.396397  0.149671
0.396396  0.149561
0.396396  0.149452
0.396395  0.149343
0.396394  0.149234
0.396393  0.149125
0.396392  0.149015
0.396391  0.148906
0.396391  0.148797
0.39639  0.148688
0.396389  0.148579
0.396388  0.14847
0.396387  0.14836
0.396386  0.148251
0.396385  0.148142
0.396384  0.148033
0.396382  0.147924
0.396381  0.147815
0.39638  0.147706
0.396379  0.147597
0.396378  0.147488
0.396377  0.147378
0.396376  0.147269
0.396374  0.14716
0.396373  0.147051
0.396372  0.146942
0.396371  0.146833
0.396369  0.146724
0.396368  0.146615
0.396367  0.146507
0.396366  0.146398
0.396364  0.146289
0.396363  0.146181
0.396362  0.146072
0.39636  0.145964
0.396359  0.145856
0.396358  0.145747
0.396356  0.145639
0.396355  0.145531
0.396353  0.145423
0.396352  0.145314
0.396351  0.145206
0.396349  0.145098
0.396348  0.14499
0.396346  0.144883
0.396345  0.144775
0.396343  0.144667
0.396342  0.14456
0.396341  0.144452
0.396339  0.144345
0.396338  0.144238
0.396336  0.144131
0.396335  0.144024
0.396333  0.143917
0.396332  0.143811
0.39633  0.143705
0.396329  0.143598
0.396327  0.143492
0.396326  0.143386
0.396324  0.14328
0.396323  0.143174
0.396321  0.143068
0.39632  0.142962
0.396318  0.142856
0.396317  0.142751
0.396315  0.142645
0.396314  0.14254
0.396312  0.142435
0.396311  0.14233
0.396309  0.142226
0.396308  0.142121
0.396306  0.142017
0.396305  0.141912
0.396303  0.141808
0.396301  0.141705
0.3963  0.141601
0.396298  0.141497
0.396297  0.141394
0.396295  0.141291
0.396294  0.141188
0.396292  0.141085
0.396291  0.140982
0.396289  0.140879
0.396287  0.140777
0.396286  0.140675
0.396284  0.140573
0.396283  0.140471
0.396281  0.140369
0.396279  0.140268
0.396278  0.140166
0.396276  0.140065
0.396274  0.139964
0.396273  0.139863
0.396271  0.139763
0.39627  0.139662
0.396268  0.139561
0.396266  0.139461
0.396264  0.139361
0.396263  0.13926
0.396261  0.13916
0.396259  0.13906
0.396258  0.13896
0.396256  0.13886
0.396254  0.13876
0.396252  0.138661
0.396251  0.138562
0.396249  0.138463
0.396247  0.138363
0.396245  0.138265
0.396243  0.138166
0.396242  0.138067
0.39624  0.137969
0.396238  0.137871
0.396236  0.137773
0.396234  0.137675
0.396232  0.137577
0.39623  0.137479
0.396228  0.137382
0.396226  0.137285
0.396224  0.137187
0.396222  0.13709
0.39622  0.136994
0.396218  0.136897
0.396216  0.1368
0.396214  0.136704
0.396212  0.136607
0.39621  0.136511
0.396208  0.136415
0.396206  0.136319
0.396204  0.136223
0.396201  0.136128
0.396199  0.136032
0.396197  0.135936
0.396195  0.135841
0.396193  0.135746
0.39619  0.13565
0.396188  0.135555
0.396186  0.13546
0.396183  0.135365
0.396181  0.13527
0.396178  0.135175
0.396176  0.13508
0.396173  0.134985
0.396171  0.134891
0.396168  0.134796
0.396166  0.134702
0.396163  0.134608
0.396161  0.134514
0.396158  0.13442
0.396156  0.134326
0.396153  0.134232
0.39615  0.134138
0.396148  0.134044
0.396145  0.13395
0.396142  0.133857
0.396139  0.133764
0.396136  0.13367
0.396134  0.133577
0.396131  0.133484
0.396128  0.133391
0.396125  0.133299
0.396122  0.133206
0.396119  0.133113
0.396116  0.13302
0.396113  0.132928
0.39611  0.132835
0.396107  0.132743
0.396104  0.132651
0.396101  0.132558
0.396098  0.132466
0.396095  0.132374
0.396091  0.132282
0.396088  0.132189
0.396085  0.132097
0.396082  0.132005
0.396078  0.131913
0.396075  0.131821
0.396072  0.131729
0.396068  0.131638
0.396065  0.131546
0.396062  0.131454
0.396058  0.131362
0.396055  0.13127
0.396051  0.131178
0.396048  0.131087
0.396044  0.130995
0.39604  0.130904
0.396037  0.130813
0.396033  0.130721
0.39603  0.130629
0.396026  0.130538
0.396022  0.130446
0.396018  0.130355
0.396015  0.130263
0.396011  0.130172
0.396007  0.13008
0.396003  0.129989
0.395999  0.129898
0.395996  0.129806
0.395992  0.129715
0.395988  0.129624
0.395984  0.129533
0.39598  0.129442
0.395976  0.129351
0.395972  0.12926
0.395968  0.129169
0.395964  0.129078
0.39596  0.128987
0.395956  0.128896
0.395952  0.128805
0.395948  0.128715
0.395944  0.128624
0.39594  0.128533
0.395935  0.128443
0.395931  0.128352
0.395927  0.128262
0.395923  0.128172
0.395919  0.128081
0.395915  0.127991
0.395911  0.127901
0.395907  0.127811
0.395902  0.127721
0.395898  0.127631
0.395894  0.127541
0.39589  0.127451
0.395886  0.127361
0.395882  0.127272
0.395877  0.127182
0.395873  0.127092
0.395869  0.127003
0.395865  0.126914
0.395861  0.126824
0.395857  0.126735
0.395853  0.126646
0.395849  0.126557
0.395844  0.126468
0.39584  0.126379
0.395836  0.126291
0.395832  0.126203
0.395828  0.126114
0.395824  0.126026
0.39582  0.125938
0.395816  0.12585
0.395812  0.125762
0.395808  0.125675
0.395804  0.125587
0.395801  0.1255
0.395797  0.125413
0.395793  0.125326
0.395789  0.125239
0.395785  0.125152
0.395781  0.125066
0.395778  0.124979
0.395774  0.124893
0.39577  0.124807
0.395766  0.124721
0.395763  0.124635
0.395759  0.124549
0.395756  0.124463
0.395752  0.124378
0.395748  0.124292
0.395745  0.124207
0.395741  0.124122
0.395738  0.124037
0.395734  0.123952
0.395731  0.123868
0.395728  0.123783
0.395724  0.123699
0.395721  0.123615
0.395718  0.123531
0.395714  0.123447
0.395711  0.123363
0.395708  0.12328
0.395705  0.123197
0.395701  0.123113
0.395698  0.12303
0.395695  0.122947
0.395692  0.122864
0.395689  0.122781
0.395686  0.122699
0.395683  0.122616
0.39568  0.122534
0.395677  0.122452
0.395674  0.12237
0.395671  0.122288
0.395668  0.122207
0.395665  0.122126
0.395663  0.122045
0.39566  0.121964
0.395657  0.121883
0.395654  0.121802
0.395652  0.121722
0.395649  0.121642
0.395646  0.121562
0.395644  0.121482
0.395641  0.121402
0.395639  0.121323
0.395636  0.121244
0.395634  0.121165
0.395631  0.121086
0.395629  0.121007
0.395626  0.120929
0.395624  0.12085
0.395621  0.120772
0.395619  0.120694
0.395617  0.120617
0.395614  0.120539
0.395612  0.120462
0.39561  0.120385
0.395608  0.120308
0.395606  0.120231
0.395603  0.120154
0.395601  0.120078
0.395599  0.120002
0.395597  0.119926
0.395595  0.11985
0.395593  0.119774
0.395591  0.119699
0.395589  0.119624
0.395587  0.119549
0.395585  0.119473
0.395583  0.119399
0.395581  0.119324
0.395579  0.119249
0.395577  0.119175
0.395576  0.119101
0.395574  0.119027
0.395572  0.118953
0.39557  0.118879
0.395569  0.118806
0.395567  0.118732
0.395565  0.118659
0.395564  0.118586
0.395562  0.118513
0.39556  0.11844
0.395559  0.118368
0.395557  0.118296
0.395556  0.118223
0.395554  0.118151
0.395553  0.11808
0.395551  0.118008
0.39555  0.117937
0.395548  0.117865
0.395547  0.117794
0.395546  0.117723
0.395544  0.117653
0.395543  0.117582
0.395542  0.117512
0.39554  0.117442
0.395539  0.117372
0.395538  0.117302
0.395537  0.117232
0.395536  0.117162
0.395534  0.117092
0.395533  0.117023
0.395532  0.116954
0.395531  0.116884
0.39553  0.116815
0.395529  0.116746
0.395528  0.116678
0.395527  0.116609
0.395526  0.116541
0.395525  0.116473
0.395524  0.116405
0.395523  0.116337
0.395522  0.116269
0.395521  0.116202
0.39552  0.116134
0.395519  0.116067
0.395518  0.116
0.395517  0.115933
0.395516  0.115867
0.395516  0.1158
0.395515  0.115734
0.395514  0.115668
0.395513  0.115601
0.395513  0.115536
0.395512  0.11547
0.395511  0.115404
0.39551  0.115339
0.39551  0.115274
0.395509  0.115209
0.395508  0.115144
0.395508  0.115079
0.395507  0.115014
0.395507  0.11495
0.395506  0.114886
0.395505  0.114822
0.395505  0.114758
0.395504  0.114694
0.395504  0.11463
0.395503  0.114566
0.395503  0.114503
0.395502  0.11444
0.395502  0.114376
0.395501  0.114314
0.395501  0.114251
0.395501  0.114188
0.3955  0.114126
0.3955  0.114063
0.395499  0.114001
0.395499  0.11394
0.395499  0.113878
0.395498  0.113816
0.395498  0.113755
0.395498  0.113694
0.395497  0.113633
0.395497  0.113572
0.395497  0.113512
0.395496  0.113452
0.395496  0.113392
0.395496  0.113332
0.395496  0.113272
0.395495  0.113213
0.395495  0.113154
0.395495  0.113096
0.395495  0.113037
0.395494  0.112979
0.395494  0.112921
0.395494  0.112863
0.395494  0.112805
0.395494  0.112748
0.395493  0.112691
0.395493  0.112634
0.395493  0.112577
0.395493  0.112521
0.395493  0.112465
0.395492  0.11241
0.395492  0.112354
0.395492  0.1123
0.395492  0.112245
0.395492  0.112191
0.395492  0.112137
0.395491  0.112083
0.395491  0.11203
0.395491  0.111977
0.395491  0.111925
0.395491  0.111873
0.395491  0.111821
0.39549  0.11177
0.39549  0.111719
0.39549  0.111669
0.39549  0.111619
0.39549  0.11157
0.39549  0.111521
0.39549  0.111473
0.395489  0.111425
0.395489  0.111378
0.395489  0.111331
0.395489  0.111285
0.395489  0.11124
0.395489  0.111195
0.395489  0.111151
0.395489  0.111108
0.395488  0.111065
0.395488  0.111023
0.395488  0.110982
0.395488  0.110941
0.395488  0.110902
0.395488  0.110863
0.395488  0.110825
0.395488  0.110788
0.395487  0.110752
0.395487  0.110717
0.395487  0.110683
0.395487  0.110651
0.395487  0.110619
0.395487  0.110588
0.395487  0.110559
0.395487  0.110531
0.395486  0.110504
0.395486  0.110479
0.395486  0.110454
0.395486  0.110432
0.395486  0.11041
0.395486  0.11039
0.395486  0.110372
0.395486  0.110356
0.395486  0.110341
0.395486  0.110327
0.395486  0.110316
0.395486  0.110307
0.395486  0.110299
