-0.0467765  0.150763
-0.0467732  0.150841
-0.046762  0.150991
-0.0466926  0.151284
-0.046484  0.151807
-0.0460882  0.15263
-0.045513  0.153776
-0.0447978  0.155194
-0.0439794  0.156787
-0.0430899  0.158515
-0.0421603  0.160392
-0.0411964  0.162491
-0.0401837  0.164891
-0.0390751  0.167619
-0.0378131  0.17068
-0.0364101  0.174046
-0.0348976  0.17771
-0.0333086  0.181619
-0.0316627  0.185757
-0.0299788  0.190127
-0.0282435  0.194754
-0.0264325  0.199624
-0.0245038  0.204725
-0.022449  0.20999
-0.0203052  0.215374
-0.0181126  0.220909
-0.0159037  0.226566
-0.0136071  0.232379
-0.0111385  0.238305
-0.00844421  0.244304
-0.00550899  0.250364
-0.00234298  0.256456
0.00108495  0.262636
0.00474599  0.268857
0.00856785  0.275034
0.0125046  0.281134
0.0165764  0.287176
0.0208029  0.293129
0.025249  0.299006
0.0299069  0.304737
0.0348059  0.310343
0.0399622  0.315852
0.0453151  0.321264
0.0508221  0.326605
0.0564786  0.331916
0.0623205  0.337233
0.0683291  0.342524
0.0744742  0.347757
0.0807371  0.352876
0.087224  0.35789
0.093948  0.362794
0.100807  0.367567
0.10782  0.372186
0.115016  0.376542
0.122441  0.38058
0.130149  0.384367
0.138032  0.387898
0.146038  0.391157
0.154144  0.394132
0.162395  0.396846
0.170585  0.399239
0.17864  0.401256
0.186621  0.402875
0.194513  0.404117
0.202358  0.405031
0.210174  0.405628
0.217984  0.405898
0.225693  0.405865
0.233142  0.405598
0.240271  0.405149
0.247047  0.404527
0.253503  0.403703
0.259629  0.402663
0.265375  0.401419
0.270753  0.399969
0.275797  0.398329
0.280578  0.396553
0.285135  0.394705
0.289443  0.392822
0.293552  0.390873
0.297424  0.388857
0.301064  0.386721
0.304506  0.384405
0.307729  0.381945
0.310741  0.379399
0.313532  0.376786
0.316114  0.374057
0.318515  0.371188
0.320789  0.368198
0.322957  0.36511
0.324999  0.361989
0.326901  0.358835
0.328653  0.355619
0.330306  0.35228
0.643483 0.217671
0.643233 0.217681
0.642887 0.21778
0.642534 0.217931
0.642196 0.218121
0.64183 0.218561
0.641127 0.220319
0.639643 0.224675
0.637415 0.231148
0.634775 0.238304
0.631614 0.245998
0.627667 0.254702
0.622786 0.264512
0.617063 0.275035
0.61073 0.285587
0.603775 0.295904
0.596235 0.305837
0.588343 0.315072
0.580103 0.323707
0.571484 0.332028
0.562438 0.340032
0.552853 0.347681
0.542878 0.354849
0.532559 0.361467
0.521954 0.367383
0.51119 0.372459
0.500448 0.376479
0.489823 0.379389
0.479352 0.381301
0.468948 0.382361
0.458636 0.382677
0.448676 0.382175
0.439415 0.380253
0.431393 0.376206
0.424914 0.369767
0.420009 0.36108
0.416042 0.351267
0.407404 0.321245
0.405803 0.310841
0.405223 0.289694
0.406745 0.269826
0.407768 0.260338
0.408797 0.251128
