0.000105397  0.000996204
0.000247776  0.00180094
0.000800521  0.00333756
0.00212968  0.00584877
0.0041946  0.00929653
0.00651274  0.013279
0.00858288  0.0170989
0.0102138  0.020113
0.0114033  0.0223713
0.0122018  0.024489
0.012799  0.0271138
0.0134639  0.0306063
0.0144896  0.0347269
0.0160843  0.0390605
0.0179323  0.0432946
0.0195697  0.0473621
0.0208144  0.0509874
0.0217533  0.054259
0.0224554  0.0574433
0.0231406  0.0607251
0.0240371  0.0640042
0.0253156  0.0671334
0.0268304  0.0697376
0.0282112  0.0717738
0.0291532  0.0736219
0.0297858  0.0755026
0.030662  0.0773138
0.0324213  0.0790248
0.0350132  0.0803079
0.0380639  0.0812587
0.0412181  0.0819614
0.0444549  0.0826904
0.0476855  0.0834377
0.0502836  0.0833693
0.0522825  0.0826955
0.054079  0.081793
0.0561603  0.0808505
0.0586124  0.0796246
0.0614913  0.0781763
0.0645365  0.0764846
0.0677917  0.0750285
0.0707359  0.0736939
0.0731679  0.0726274
0.0753135  0.0719429
0.0775713  0.0716702
0.0798763  0.0714163
0.0819265  0.070781
0.0838006  0.0696621
0.0861634  0.0682884
0.0890386  0.0667885
0.0915437  0.0651051
0.0935772  0.0630117
0.0960129  0.0602417
0.0987685  0.0565161
0.10198  0.0527562
0.104873  0.0492664
0.107022  0.0457039
0.108577  0.0419707
0.109893  0.038179
0.110471  0.0341952
0.10941  0.029535
0.10816  0.024442
0.107142  0.0193404
0.106167  0.0145773
0.105595  0.0101786
0.105175  0.00586852
0.104189  0.00172324
0.101788  -0.00185394
0.0979478  -0.0047391
0.0936364  -0.00725513
0.0891669  -0.0098407
0.0847257  -0.012627
0.0798981  -0.0154044
0.075047  -0.0181403
0.0704177  -0.0207188
0.0664014  -0.0228436
0.0630212  -0.0242775
0.0597779  -0.0251206
0.0567392  -0.0259082
0.0537457  -0.0268695
0.0506549  -0.0281805
0.0477387  -0.030082
0.0449041  -0.032119
0.0419958  -0.0336527
0.0391228  -0.0348365
0.0362791  -0.036127
0.0337215  -0.0377811
0.0316389  -0.0394516
0.0299554  -0.0408515
0.0283214  -0.0417715
0.0265578  -0.0423671
0.0247018  -0.0431206
0.0230818  -0.0443215
0.0219324  -0.0458639
-0.00147111 -0.000229638
-0.00272757 0.000518114
-0.00313433 0.00115497
-0.00315269 0.00168996
-0.00332242 0.00331747
-0.00496692 0.0103226
-0.01002 0.027963
-0.0168756 0.0490328
-0.0221044 0.0615961
-0.0263062 0.0670607
-0.0323292 0.0743684
-0.0400208 0.0837692
-0.0480477 0.0919296
-0.0546023 0.09522
-0.0600801 0.0941709
-0.0656679 0.0916033
-0.0698969 0.0867662
-0.07293 0.0807455
-0.0764257 0.0768189
-0.079974 0.0738778
-0.0843896 0.0707907
-0.0885759 0.0669926
-0.0918076 0.0622745
-0.0947401 0.0566314
-0.096654 0.0495957
-0.0973117 0.0410444
-0.0966196 0.0312605
-0.0954791 0.0217903
-0.0944411 0.0134454
-0.093739 0.00610333
-0.0915633 -0.00110971
-0.0867426 -0.0113224
-0.0779547 -0.0274224
-0.0654712 -0.0476441
-0.0515628 -0.06833
-0.0401911 -0.0835137
-0.03343 -0.0893423
-0.0177375 -0.0926437
-0.0102671 -0.0951999
0.00308122 -0.0930528
0.00868593 -0.0871306
0.00917988 -0.0845639
0.00821507 -0.0808722
